dataset,algorithm,algo_family,label_noise,missing,feature_noise,imbalance,n_samples,seed,accuracy,accuracy_std,balanced_accuracy,balanced_accuracy_std,macro_f1,macro_f1_std,mcc,mcc_std,active_dim,severity,deg_accuracy,deg_balanced_accuracy,deg_macro_f1,deg_mcc,degradation
Spambase,LR,Linear,0.1,0.0,0.0,0.0,4601,42,0.819601331256196,0.014553380134151927,0.8041478021329432,0.01705546186523621,0.8096135348664546,0.016532531882172127,0.6255544477941347,0.03054058024205642,label_noise,0.1,0.10563344820532172,0.11412961414588796,0.11152758208519153,0.21745291280095025,0.10563344820532172
Spambase,LR,Linear,0.1,0.0,0.0,0.0,4601,43,0.8219954680640136,0.002679990849653813,0.8065284125693314,0.003481908717274888,0.8123489506076214,0.0029335299237971233,0.6327382174220858,0.006047832345169739,label_noise,0.1,0.1032393113975042,0.1117490037094998,0.10879216634402478,0.21026914317299916,0.1032393113975042
Spambase,LR,Linear,0.1,0.0,0.0,0.0,4601,44,0.8330781758957656,0.017683197334468274,0.8175144519220614,0.01931280447869978,0.8234499011386122,0.019208665984274537,0.6525348600029423,0.03747148320980455,label_noise,0.1,0.09215660356575217,0.10076296435676979,0.09769121581303397,0.1904725005921427,0.09215660356575217
Spambase,RF,Ensemble,0.1,0.0,0.0,0.0,4601,42,0.8461185856583109,0.01018993123121569,0.8343398151342198,0.011237340534957622,0.8388814670868975,0.010854509046452234,0.6814271344194315,0.021397128375282896,label_noise,0.1,0.09867692646619142,0.10307214977657808,0.10270850241240126,0.202839681052556,0.09867692646619142
Spambase,RF,Ensemble,0.1,0.0,0.0,0.0,4601,43,0.8526422130954068,0.011939172295788761,0.840187085332305,0.012481707526481456,0.8456422172613214,0.012618751838362644,0.6961701177697727,0.02514434454342596,label_noise,0.1,0.09215329902909553,0.0972248795784929,0.09594775223797736,0.18809669770221482,0.09215329902909553
Spambase,RF,Ensemble,0.1,0.0,0.0,0.0,4601,44,0.8558974177406412,0.014113319760749069,0.8439031924912552,0.016549976714481968,0.84863455096082,0.015632347073940508,0.7006235769260375,0.02942322536885048,label_noise,0.1,0.08889809438386109,0.0935087724195427,0.09295541853847877,0.18364323854595,0.08889809438386109
Spambase,XGB,Boosting,0.1,0.0,0.0,0.0,4601,42,0.8506823868196195,0.011725316594338581,0.841127607812162,0.01354642333183476,0.8444346807825337,0.012730273129762843,0.6909434311527551,0.02470225413254819,label_noise,0.1,0.09969181261703564,0.10497137101818022,0.10338011828759708,0.20495605241178672,0.09969181261703564
Spambase,XGB,Boosting,0.1,0.0,0.0,0.0,4601,43,0.8515543124203371,0.008486595916242776,0.8411996239416573,0.009071117373311493,0.8453605907981956,0.008969645248308447,0.6934496868940692,0.017722570309131134,label_noise,0.1,0.09881988701631805,0.10489935488868496,0.10245420827193519,0.2024497966704727,0.09881988701631805
Spambase,XGB,Boosting,0.1,0.0,0.0,0.0,4601,44,0.8598099891422366,0.014992810124244763,0.850174150853559,0.01699125979694727,0.8535611226419624,0.016222723981341794,0.7088393666480306,0.031422617551422775,label_noise,0.1,0.09056421029441852,0.09592482797678326,0.0942536764281684,0.18706011691651125,0.09056421029441852
Spambase,SVM,Kernel,0.1,0.0,0.0,0.0,4601,42,0.835033517443233,0.01493401483627667,0.8219758142778387,0.016389177654226803,0.826840651317897,0.01610620314782092,0.6580768709873026,0.031501427268140314,label_noise,0.1,0.09788100520857901,0.10431421570679378,0.10239975258934142,0.20101507430968146,0.09788100520857901
Spambase,SVM,Kernel,0.1,0.0,0.0,0.0,4601,43,0.8409047349289525,0.006846612709760571,0.8287871731226216,0.0068640873103879615,0.8336419249994027,0.007084478101624087,0.6714486030193065,0.014565201672640268,label_noise,0.1,0.0920097877228595,0.09750285686201088,0.09559847890783568,0.18764334227767754,0.0920097877228595
Spambase,SVM,Kernel,0.1,0.0,0.0,0.0,4601,44,0.8482903743567956,0.018921648592027142,0.8357743515212379,0.02125631934427618,0.8405417978115761,0.0206311145292046,0.684464847360815,0.03982656152442656,label_noise,0.1,0.08462414829501641,0.09051567846339459,0.08869860609566227,0.17462709793616904,0.08462414829501641
Spambase,MLP,Neural,0.1,0.0,0.0,0.0,4601,42,0.8352492564792522,0.011868088357941271,0.8251996720793032,0.014809152488518808,0.8283084729511951,0.013377513990404332,0.6586327099881647,0.02526981001184876,label_noise,0.1,0.10179475680183803,0.10752110489768785,0.1055696849905493,0.20938571333690348,0.10179475680183803
Spambase,MLP,Neural,0.1,0.0,0.0,0.0,4601,43,0.8422097908700372,0.006780679651895824,0.8325875848293078,0.005823659987936279,0.8360152123528699,0.006542869412056343,0.6743786836752114,0.013974697023228884,label_noise,0.1,0.09483422241105299,0.10013319214768324,0.09786294558887454,0.1936397396498568,0.09483422241105299
Spambase,MLP,Neural,0.1,0.0,0.0,0.0,4601,44,0.8430767596657697,0.015602728306123836,0.8312715179019274,0.017538948330731136,0.8354545380283043,0.01690058208363298,0.6736084527316554,0.03289597977457473,label_noise,0.1,0.09396725361532055,0.10144925907506364,0.09842361991344017,0.1944099705934128,0.09396725361532055
Spambase,GB,Boosting,0.1,0.0,0.0,0.0,4601,42,0.8467714676863523,0.007327211119252819,0.8366446648196,0.008417742052138154,0.8402013426891776,0.007831505335102868,0.6829353356488572,0.015305488672083666,label_noise,0.1,0.10092125761223636,0.10634047923023127,0.10475584843091157,0.20734637468741457,0.10092125761223636
Spambase,GB,Boosting,0.1,0.0,0.0,0.0,4601,43,0.8485120143511307,0.010010643800491333,0.8378571950872067,0.010423193977141636,0.8421095123629385,0.010493497562706424,0.6871177186767256,0.020925388149506608,label_noise,0.1,0.09918071094745795,0.10512794896262456,0.10284767875715062,0.20316399165954624,0.09918071094745795
Spambase,GB,Boosting,0.1,0.0,0.0,0.0,4601,44,0.8554638153236086,0.013157879451970505,0.8456902848821484,0.015278478946417607,0.8490183956002484,0.014326003779907519,0.699837587775751,0.02753364076494862,label_noise,0.1,0.09222890997498001,0.09729485916768288,0.09593879551984075,0.1904441225605208,0.09222890997498001
Bank,LR,Linear,0.1,0.0,0.0,0.0,5000,42,0.8158000000000001,0.006997142273814333,0.5805760115946975,0.012831745122531883,0.5924449719969048,0.01799190101103491,0.2683588287848734,0.0394432547909498,label_noise,0.1,0.08033333333333315,0.06106331045232549,0.0842422582782899,0.11730183832373287,0.08033333333333315
Bank,LR,Linear,0.1,0.0,0.0,0.0,5000,43,0.8122,0.003969886648255797,0.5680138166354431,0.008234096399718305,0.5748707902979369,0.012102270316095386,0.23349469414812662,0.02261121135101222,label_noise,0.1,0.0839333333333332,0.07362550541157986,0.10181643997725787,0.15216597296047962,0.0839333333333332
Bank,LR,Linear,0.1,0.0,0.0,0.0,5000,44,0.8164,0.0028705400188814255,0.5670610282685071,0.010464866871375494,0.5738910963956492,0.014910254523807745,0.2329774376013051,0.018966539515371007,label_noise,0.1,0.07973333333333321,0.07457829377851588,0.10279613387954556,0.15268322950730115,0.07973333333333321
Bank,RF,Ensemble,0.1,0.0,0.0,0.0,5000,42,0.8093999999999999,0.005642694391866307,0.5561682004039917,0.013587683621743289,0.5556092223488152,0.0210276633785014,0.21322523745277638,0.03980698683736691,label_noise,0.1,0.08653333333333346,0.0472967420190481,0.08183122825279432,0.12960007097797932,0.08653333333333346
Bank,RF,Ensemble,0.1,0.0,0.0,0.0,5000,43,0.813,0.0006324555320336414,0.5546624556946012,0.007751317012761768,0.5533535192090191,0.013078194232914281,0.21736238323173773,0.012669309866913295,label_noise,0.1,0.08293333333333341,0.048802486728438677,0.08408693139259038,0.12546292519901797,0.08293333333333341
Bank,RF,Ensemble,0.1,0.0,0.0,0.0,5000,44,0.8192,0.006144916598294862,0.5548745292121466,0.012545637940207065,0.5542911898892069,0.01989076803585398,0.2257370510024268,0.04395494099780865,label_noise,0.1,0.07673333333333332,0.04859041321089319,0.08314926071240258,0.1170882574283289,0.07673333333333332
Bank,XGB,Boosting,0.1,0.0,0.0,0.0,5000,42,0.8080000000000002,0.004690415759823396,0.5806432588504427,0.009842371214095962,0.5920765737601482,0.013457000571350082,0.24631569417418184,0.021196540779147385,label_noise,0.1,0.08773333333333311,0.08375453034915858,0.1032009020538266,0.16272556013719183,0.08773333333333311
Bank,XGB,Boosting,0.1,0.0,0.0,0.0,5000,43,0.808,0.00576194411635514,0.5731133709354573,0.013142986478174483,0.5822572060901561,0.018437661528718518,0.22867909152786048,0.03530329882232801,label_noise,0.1,0.08773333333333322,0.09128441826414391,0.11302026972381873,0.1803621627835132,0.08773333333333322
Bank,XGB,Boosting,0.1,0.0,0.0,0.0,5000,44,0.8144,0.006374950980203653,0.5809892451144621,0.010467600780778049,0.5935683437955547,0.01400343666633623,0.24806992779111062,0.023501326704048985,label_noise,0.1,0.08133333333333326,0.08340854408513909,0.10170913201842013,0.16097132652026305,0.08133333333333326
Bank,SVM,Kernel,0.1,0.0,0.0,0.0,5000,42,0.8082,0.010851727973000394,0.5478460835038478,0.017633084870411576,0.5421798267552337,0.026525318732946335,0.1976796835339615,0.06949002653734934,label_noise,0.1,0.08199999999999996,0.04050914165771935,0.07394758274501856,0.09839429616642106,0.08199999999999996
Bank,SVM,Kernel,0.1,0.0,0.0,0.0,5000,43,0.8052000000000001,0.004118252056394804,0.539401713107013,0.008316290473848659,0.5298378816310878,0.01330566964270186,0.16216310139795764,0.029966094923962773,label_noise,0.1,0.08499999999999985,0.048953512054554116,0.08628952786916444,0.13391087830242493,0.08499999999999985
Bank,SVM,Kernel,0.1,0.0,0.0,0.0,5000,44,0.8118000000000001,0.006368673331236226,0.5459064906641939,0.012979944736695944,0.5411227534451788,0.020652970645878236,0.18210864850754155,0.04515647456693378,label_noise,0.1,0.07839999999999991,0.042448734497373186,0.07500465605507345,0.11396533119284102,0.07839999999999991
Bank,MLP,Neural,0.1,0.0,0.0,0.0,5000,42,0.8092,0.01310572394032466,0.5635791188839431,0.022669885222783927,0.5672599504693717,0.03385694876745788,0.2241338009485526,0.07586601473802787,label_noise,0.1,0.08179999999999998,0.0556285808447079,0.07942673451288451,0.11004123489571224,0.08179999999999998
Bank,MLP,Neural,0.1,0.0,0.0,0.0,5000,43,0.8076000000000001,0.005043808085167369,0.552806689008273,0.027647601646672234,0.5472222430277751,0.05188287893330025,0.1733303706347688,0.09744562838882662,label_noise,0.1,0.08339999999999992,0.06640101072037796,0.09946444195448112,0.16084466520949603,0.08339999999999992
Bank,MLP,Neural,0.1,0.0,0.0,0.0,5000,44,0.8146000000000001,0.0028705400188814194,0.5615540795598806,0.02454569199752582,0.5629976513020432,0.04044761058085943,0.21332321608405933,0.05252215800682167,label_noise,0.1,0.07639999999999991,0.0576536201687704,0.08368903368021308,0.12085181976020551,0.07639999999999991
Bank,GB,Boosting,0.1,0.0,0.0,0.0,5000,42,0.8084,0.007227724399837037,0.5850501508095497,0.009804993066203596,0.5981515776815153,0.012660147427591858,0.2542239110074464,0.029012006260126035,label_noise,0.1,0.08599999999999997,0.08081698821727223,0.09682788139840914,0.15177206863111636,0.08599999999999997
Bank,GB,Boosting,0.1,0.0,0.0,0.0,5000,43,0.8054,0.003929376540877704,0.5780483037094573,0.006774568097962618,0.5891717291595652,0.009072241566430895,0.23070468049150744,0.017809527975860554,label_noise,0.1,0.08899999999999997,0.08781883531736467,0.10580772992035925,0.17529129914705532,0.08899999999999997
Bank,GB,Boosting,0.1,0.0,0.0,0.0,5000,44,0.8128,0.009579144011862398,0.5776076218421726,0.012987615045450896,0.5893100331755373,0.017865287040606484,0.2390850416855803,0.039635165442595884,label_noise,0.1,0.0816,0.0882595171846493,0.1056694259043871,0.16691093795298245,0.0816
Wine,LR,Linear,0.1,0.0,0.0,0.0,178,42,0.8538095238095238,0.03736536256989676,0.8547186147186145,0.03398596504413086,0.8528132030403001,0.036076582808993125,0.7816980810693283,0.05472944726928358,label_noise,0.1,0.13132275132275117,0.13106621773288463,0.13205928393930044,0.19642015323805084,0.13132275132275117
Wine,LR,Linear,0.1,0.0,0.0,0.0,178,43,0.8369841269841268,0.04136618790313763,0.8333333333333334,0.03834865738887842,0.8285760835732047,0.04041085907069287,0.7560283321932606,0.06268502181077168,label_noise,0.1,0.14814814814814814,0.1524514991181658,0.15629640340639583,0.2220899021141185,0.14814814814814814
Wine,LR,Linear,0.1,0.0,0.0,0.0,178,44,0.8934920634920636,0.05957437006090108,0.8947319347319347,0.05753587974614627,0.895158929692663,0.05837575688889172,0.8427991547362221,0.08778984650988646,label_noise,0.1,0.09164021164021141,0.09105289771956449,0.08971355728693753,0.13531907957115696,0.09164021164021141
Wine,RF,Ensemble,0.1,0.0,0.0,0.0,178,42,0.8647619047619048,0.04241571607932064,0.8674458874458875,0.041879531598170754,0.8656970110423383,0.0409706781900056,0.797660830405636,0.06331136814095345,label_noise,0.1,0.11841269841269841,0.118003848003848,0.11803373557729724,0.17741680553516037,0.11841269841269841
Wine,RF,Ensemble,0.1,0.0,0.0,0.0,178,43,0.8871428571428572,0.0412038544503684,0.8847619047619049,0.038648828939413765,0.8805072184694263,0.03879006769248002,0.8306800648471077,0.06297987447823156,label_noise,0.1,0.09603174603174602,0.1006878306878306,0.1032235281502093,0.14439757109368867,0.09603174603174602
Wine,RF,Ensemble,0.1,0.0,0.0,0.0,178,44,0.9046031746031746,0.03330459834769115,0.9044832944832946,0.032690867000477394,0.9054817560324805,0.032247785935370143,0.8588584425169881,0.05029442150890509,label_noise,0.1,0.07857142857142863,0.0809664409664409,0.07824899058715507,0.11621919342380826,0.07857142857142863
Wine,XGB,Boosting,0.1,0.0,0.0,0.0,178,42,0.8536507936507937,0.04890743824559857,0.854025974025974,0.04728446011416123,0.8542632881427694,0.046146485624597285,0.7787716387667546,0.07450827180487139,label_noise,0.1,0.10333333333333328,0.10492384159050838,0.1028778034604575,0.1572735140450756,0.10333333333333328
Wine,XGB,Boosting,0.1,0.0,0.0,0.0,178,43,0.8420634920634921,0.06200439682391566,0.8377777777777778,0.05935423228482247,0.8341820443539708,0.05994482537187741,0.761675851995782,0.09411928816020704,label_noise,0.1,0.11492063492063487,0.12117203783870456,0.1229590472492561,0.17436930081604818,0.11492063492063487
Wine,XGB,Boosting,0.1,0.0,0.0,0.0,178,44,0.8544444444444445,0.06135408305223581,0.857047397047397,0.05726030034231495,0.857227532716788,0.05957521196776705,0.7834726626183738,0.09099318813679176,label_noise,0.1,0.10253968253968249,0.10190241856908544,0.09991355888643894,0.15257249019345642,0.10253968253968249
Wine,SVM,Kernel,0.1,0.0,0.0,0.0,178,42,0.8704761904761906,0.03893712589858975,0.869004329004329,0.039931727121506666,0.8694574526391559,0.038750028107403106,0.8055968518330369,0.05875717348779455,label_noise,0.1,0.11269841269841252,0.11297899631232966,0.1133746270816095,0.16943227969781205,0.11269841269841252
Wine,SVM,Kernel,0.1,0.0,0.0,0.0,178,43,0.8874603174603175,0.0531506698093653,0.8831746031746033,0.056737144874602186,0.8807430644946888,0.05465515265636813,0.8299627736103371,0.08207299096599492,label_noise,0.1,0.09571428571428564,0.09880872214205538,0.10208901522607661,0.1450663579205118,0.09571428571428564
Wine,SVM,Kernel,0.1,0.0,0.0,0.0,178,44,0.9047619047619048,0.04844781448262768,0.904910644910645,0.046601379324064406,0.9059173644391034,0.04747107455093044,0.8602782690869464,0.07223933231443272,label_noise,0.1,0.07841269841269838,0.07707268040601367,0.07691471528166194,0.11475086244390253,0.07841269841269838
Wine,MLP,Neural,0.1,0.0,0.0,0.0,178,42,0.8144444444444445,0.07420766487247218,0.821038961038961,0.0715093862648949,0.8162743543596058,0.06991489147549443,0.7269501348101925,0.11046938149547977,label_noise,0.1,0.10502645502645491,0.10270803270803286,0.10473630058397398,0.1560421694131524,0.10502645502645491
Wine,MLP,Neural,0.1,0.0,0.0,0.0,178,43,0.6966666666666665,0.1856942059420093,0.7252910052910052,0.15751924353972743,0.6703898099298975,0.2135334375112063,0.5837132885268619,0.2367759210903355,label_noise,0.1,0.2228042328042329,0.19845598845598866,0.2506208450136823,0.2992790156964831,0.2228042328042329
Wine,MLP,Neural,0.1,0.0,0.0,0.0,178,44,0.7971428571428572,0.047866026183348814,0.7976612276612277,0.04533226834073771,0.7943227354422685,0.05846674591934576,0.7035103815359669,0.061639188055711856,label_noise,0.1,0.12232804232804229,0.12608576608576616,0.1266879195013113,0.17948192268737806,0.12232804232804229
Wine,GB,Boosting,0.1,0.0,0.0,0.0,178,42,0.785873015873016,0.060364225814015654,0.7838816738816738,0.061199860254795006,0.7842803285074255,0.05890466730061779,0.6758719924192962,0.09215907808134573,label_noise,0.1,0.1449206349206349,0.14500400833734173,0.14767783606879514,0.22275569000677675,0.1449206349206349
Wine,GB,Boosting,0.1,0.0,0.0,0.0,178,43,0.8420634920634921,0.05402424732998764,0.8388888888888889,0.05163462759296198,0.8343491912208917,0.05254265830290449,0.7623984644417282,0.08155606523100994,label_noise,0.1,0.08873015873015877,0.08999679333012667,0.09760897335532892,0.13622921798434473,0.08873015873015877
Wine,GB,Boosting,0.1,0.0,0.0,0.0,178,44,0.887936507936508,0.04989129023709241,0.8902097902097903,0.04658950696162333,0.8878891414543588,0.05059138938373632,0.8354749955646581,0.07219572079638821,label_noise,0.1,0.042857142857142816,0.03867589200922528,0.04406902312186178,0.06315268686141484,0.042857142857142816
BreastCancer,LR,Linear,0.1,0.0,0.0,0.0,569,42,0.8470113336438441,0.03175215383870889,0.8309946007388463,0.03412279944054977,0.8366925023459025,0.034293319224815204,0.6788190969112948,0.06948616876685446,label_noise,0.1,0.1284117373078716,0.13990844457870932,0.1367577430262078,0.2691507027726786,0.1284117373078716
BreastCancer,LR,Linear,0.1,0.0,0.0,0.0,569,43,0.8664337835739794,0.02245374140666543,0.8488236401279879,0.029535911805931476,0.8557138446022382,0.026448880669321013,0.7169286394136699,0.04966103265724261,label_noise,0.1,0.10898928737773628,0.12207940518956772,0.11773640076987213,0.23104116027030352,0.10898928737773628
BreastCancer,LR,Linear,0.1,0.0,0.0,0.0,569,44,0.8805309734513275,0.023109128001912237,0.8647386942958388,0.023334772797254304,0.8729434807305448,0.024078030804543377,0.7550009509735167,0.04761025031524695,label_noise,0.1,0.09489209750038818,0.10616435102171684,0.1005067646415655,0.19296884871045672,0.09489209750038818
BreastCancer,RF,Ensemble,0.1,0.0,0.0,0.0,569,42,0.827619934792734,0.04869447795475296,0.8179042341574311,0.04550243406763873,0.8195571420124026,0.04880165719005002,0.641674147175769,0.09948927232504806,label_noise,0.1,0.13373182218082091,0.1395826119840171,0.1389613088006466,0.2770242169441527,0.13373182218082091
BreastCancer,RF,Ensemble,0.1,0.0,0.0,0.0,569,43,0.8488433473063189,0.02514199943746733,0.8369254658385092,0.028503554498476132,0.8394014377491352,0.027609906758970345,0.6815789403462681,0.0537109850402873,label_noise,0.1,0.11250840966723596,0.12056138030293895,0.11911701306391398,0.23711942377365358,0.11250840966723596
BreastCancer,RF,Ensemble,0.1,0.0,0.0,0.0,569,44,0.8822698338767271,0.0274357237910014,0.8720178898184703,0.02593111236406734,0.8767769348000092,0.02799022589080219,0.7559724358501985,0.05764836168877934,label_noise,0.1,0.07908192309682782,0.08546895632297791,0.08174151601304003,0.1627259282697232,0.07908192309682782
BreastCancer,XGB,Boosting,0.1,0.0,0.0,0.0,569,42,0.8171401956217978,0.03168483051175468,0.8060528559249788,0.03178403196242918,0.8078699350757429,0.032657213547794606,0.616776147979661,0.06516029539682237,label_noise,0.1,0.15005951456813116,0.15634656211643072,0.1567758644868782,0.31384456000997685,0.15005951456813116
BreastCancer,XGB,Boosting,0.1,0.0,0.0,0.0,569,43,0.8453035242974692,0.03188801441710596,0.8332034632034633,0.033837377730931616,0.8357186847563588,0.03410011283363874,0.6745173043842444,0.06765217094035186,label_noise,0.1,0.12189618589245976,0.12919595483794621,0.1289271148062623,0.2561034036053934,0.12189618589245976
BreastCancer,XGB,Boosting,0.1,0.0,0.0,0.0,569,44,0.868203695078404,0.023460441328238588,0.8561939445721819,0.02221865583117715,0.8615137348372068,0.023650470143794317,0.7265124053912144,0.04842782439777389,label_noise,0.1,0.098996015111525,0.1062054734692276,0.10313206472541425,0.20410830259842339,0.098996015111525
BreastCancer,SVM,Kernel,0.1,0.0,0.0,0.0,569,42,0.8540599285825182,0.02685500998275491,0.839180164819551,0.030647475921693364,0.8442869723742819,0.029545698521751915,0.6947961248277823,0.05688137491357106,label_noise,0.1,0.12135279200952243,0.13291532803421235,0.12928467640497987,0.2529062343835572,0.12135279200952243
BreastCancer,SVM,Kernel,0.1,0.0,0.0,0.0,569,43,0.8664182580344667,0.013036036609604451,0.8497986071899115,0.015374557159588449,0.8564266495209619,0.014782779160017398,0.7169532715693886,0.02892771357405404,label_noise,0.1,0.10899446255757395,0.12229688566385188,0.1171449992582998,0.2307490876419509,0.10899446255757395
BreastCancer,SVM,Kernel,0.1,0.0,0.0,0.0,569,44,0.887532991771464,0.01153040752587024,0.8737699988385872,0.008377804768737954,0.8810817960684225,0.010895388390120919,0.7683745822874869,0.025286105268740835,label_noise,0.1,0.0878797288205766,0.0983254940151762,0.0924898527108392,0.1793277769238526,0.0878797288205766
BreastCancer,MLP,Neural,0.1,0.0,0.0,0.0,569,42,0.8435491383325571,0.0182337266251086,0.8296476271668087,0.019694093817722393,0.8339783154068193,0.019462873005293074,0.6713740583697728,0.03834547001598565,label_noise,0.1,0.10315168452103696,0.10837096673943669,0.10820214303708842,0.2144858362854397,0.10315168452103696
BreastCancer,MLP,Neural,0.1,0.0,0.0,0.0,569,43,0.8418568545256948,0.018168556562458218,0.8246690507560072,0.027065198862535323,0.8296690464582982,0.023352543890130483,0.665530596822244,0.038907084919635994,label_noise,0.1,0.10484396832789922,0.11334954315023826,0.11251141198560954,0.2203292978329685,0.10484396832789922
BreastCancer,MLP,Neural,0.1,0.0,0.0,0.0,569,44,0.8453656264555194,0.008561458781586342,0.8288214136911893,0.009775966914668564,0.835737626731388,0.009522828415247736,0.6786628854944357,0.018663737938998847,label_noise,0.1,0.10133519639807465,0.10919718021505609,0.10644283171251978,0.20719700916077688,0.10133519639807465
BreastCancer,GB,Boosting,0.1,0.0,0.0,0.0,569,42,0.8188324794286601,0.04840444938513658,0.8089087809036657,0.04777540900232342,0.8102555762608681,0.04945679927806333,0.6216612913096947,0.09922411890129777,label_noise,0.1,0.13723541893080793,0.1421074153262547,0.14249879945990251,0.2849497998088957,0.13723541893080793
BreastCancer,GB,Boosting,0.1,0.0,0.0,0.0,569,43,0.8347616829684832,0.02650381034123954,0.82218897044984,0.02685730068984424,0.8245701820546053,0.02769430035725564,0.6530366255822238,0.055314877282743063,label_noise,0.1,0.12130621539098485,0.12882722578008043,0.1281841936661653,0.25357446553636664,0.12130621539098485
BreastCancer,GB,Boosting,0.1,0.0,0.0,0.0,569,44,0.862878435025617,0.029872227372159072,0.851672434475606,0.02955046684722491,0.8562703383668502,0.0308653206903263,0.7150662167404146,0.06250492379062186,label_noise,0.1,0.09318946333385103,0.09934376175431436,0.09648403735392042,0.1915448743781758,0.09318946333385103
Digits,LR,Linear,0.1,0.0,0.0,0.0,1797,42,0.7901841535128442,0.02098848295293715,0.7900179620614403,0.021723372552831265,0.7896750944229739,0.02137010279542774,0.5818404144523146,0.04270323166548822,label_noise,0.1,0.10259981429897869,0.1027869599011717,0.10309531419627394,0.20400950526149253,0.10259981429897869
Digits,LR,Linear,0.1,0.0,0.0,0.0,1797,43,0.8168879603837821,0.02673638905925267,0.8168870266914959,0.02670803300166221,0.8167841617208133,0.026738928397934066,0.6344894656519606,0.05342589307941361,label_noise,0.1,0.07589600742804081,0.07591789527111603,0.07598624689843458,0.1513604540618465,0.07589600742804081
Digits,LR,Linear,0.1,0.0,0.0,0.0,1797,44,0.8130099040544723,0.016769783316680786,0.8127306616961789,0.01665453186650361,0.812733755801314,0.016776158496025966,0.6260718895451662,0.03322204250503634,label_noise,0.1,0.07977406375735063,0.08007426026643305,0.08003665281793382,0.1597780301686409,0.07977406375735063
Digits,RF,Ensemble,0.1,0.0,0.0,0.0,1797,42,0.8692200557103064,0.006933009114374707,0.869463202191463,0.007158108410911719,0.8691099682818988,0.007018200995402187,0.7396614402604442,0.013734674162617411,label_noise,0.1,0.10852264520788213,0.108277183028474,0.10863139279519374,0.21588985205975064,0.10852264520788213
Digits,RF,Ensemble,0.1,0.0,0.0,0.0,1797,43,0.8898081089445992,0.01485860135447133,0.8898075729360645,0.01485887987742008,0.8898024576877412,0.014859156011695485,0.7796875426110088,0.029719470269345714,label_noise,0.1,0.08793459197358933,0.08793281228387251,0.08793890338935129,0.17586374970918606,0.08793459197358933
Digits,RF,Ensemble,0.1,0.0,0.0,0.0,1797,44,0.8820148560817085,0.00903838849670941,0.882360094084232,0.009217955700261965,0.881977987963783,0.009065488211166822,0.7645266061983683,0.018470794507547555,label_noise,0.1,0.09572784483648,0.09538029113570501,0.09576337311330951,0.19102468612182655,0.09572784483648
Digits,XGB,Boosting,0.1,0.0,0.0,0.0,1797,42,0.8541999380996597,0.008572537061719147,0.8541932447693317,0.00822825032968774,0.8539984369997582,0.008484417859698001,0.7096403136375197,0.01692039355372849,label_noise,0.1,0.11593263179614144,0.11593487989843909,0.11613209742047415,0.2307059597933887,0.11593263179614144
Digits,XGB,Boosting,0.1,0.0,0.0,0.0,1797,43,0.8664422779325287,0.015865970158927708,0.8664338919925513,0.01586266904444872,0.8664256010677548,0.015869298259734224,0.7330275532738515,0.03169247384203628,label_noise,0.1,0.1036902919632724,0.10369423267521949,0.10370493335247755,0.20731872015705688,0.1036902919632724
Digits,XGB,Boosting,0.1,0.0,0.0,0.0,1797,44,0.8759021974620861,0.006291967887144816,0.8760710957262681,0.006216323543814076,0.8758504827858559,0.006282027639551802,0.7518821024077332,0.012477002757320079,label_noise,0.1,0.09423037243371502,0.0940570289415027,0.09428005163437647,0.18846417102317514,0.09423037243371502
Digits,SVM,Kernel,0.1,0.0,0.0,0.0,1797,42,0.8775673166202415,0.008699743264011992,0.8778539418865506,0.008812747082639386,0.8774965207298046,0.008704566432069795,0.7561813329422177,0.017821703450401367,label_noise,0.1,0.10314608480346643,0.10286387862231272,0.10321563052162741,0.20532772867740234,0.10314608480346643
Digits,SVM,Kernel,0.1,0.0,0.0,0.0,1797,43,0.8920411637264005,0.01703119250472937,0.8920391061452513,0.017048671672437746,0.8920286377860582,0.017036970598300703,0.784239817933724,0.03407341756307649,label_noise,0.1,0.08867223769730737,0.08867871436361208,0.08868351346537373,0.17726924368589603,0.08867223769730737
Digits,SVM,Kernel,0.1,0.0,0.0,0.0,1797,44,0.888701640359022,0.010708721328537243,0.8890207251586564,0.01061716124156604,0.8886634290338786,0.010706800139158127,0.7778673907812405,0.021129129159386865,label_noise,0.1,0.09201176106468589,0.09169709535020698,0.09204872221755334,0.18364167083837957,0.09201176106468589
Digits,MLP,Neural,0.1,0.0,0.0,0.0,1797,42,0.8419529557412566,0.01351193832789094,0.8418021617043354,0.013486579359539464,0.8417149357682596,0.013408095545417997,0.6848695000666366,0.028080293788039286,label_noise,0.1,0.12169297431135873,0.12185050590200375,0.12192978254641074,0.24248985857440752,0.12169297431135873
Digits,MLP,Neural,0.1,0.0,0.0,0.0,1797,43,0.8653187867533273,0.015515180492946281,0.8653227808814401,0.015505558384665392,0.8653122913409803,0.015516111268389584,0.7307150417291213,0.030999222948947292,label_noise,0.1,0.09832714329928804,0.09832988672489906,0.09833242697369005,0.19664431691192286,0.09832714329928804
Digits,MLP,Neural,0.1,0.0,0.0,0.0,1797,44,0.8592092231507273,0.008376056753657846,0.8591569697776593,0.008439276479837844,0.859094051596783,0.008401438411368827,0.7183232824203297,0.016770073111525386,label_noise,0.1,0.104436706901888,0.10449569782867985,0.10455066671788737,0.2090360762207144,0.104436706901888
Digits,GB,Boosting,0.1,0.0,0.0,0.0,1797,42,0.8497431135871247,0.01404853285127874,0.8498454186823752,0.013588126756466937,0.8495505817065616,0.013885650025388468,0.701084736584603,0.028308629018880305,label_noise,0.1,0.11742133498400908,0.1173145588203598,0.11761105545049244,0.23334521609217762,0.11742133498400908
Digits,GB,Boosting,0.1,0.0,0.0,0.0,1797,43,0.8658836273599505,0.01951242086336624,0.8658845437616389,0.019496942876006593,0.8658653861543684,0.019517166515412625,0.7319565382046793,0.03895029332357387,label_noise,0.1,0.10128082121118331,0.10127543374109604,0.10129625100268569,0.20247341447210132,0.10128082121118331
Digits,GB,Boosting,0.1,0.0,0.0,0.0,1797,44,0.8708882698854843,0.007510244867559334,0.87096702613944,0.007699379784126782,0.8708080104826843,0.007562542389048326,0.7418109505925242,0.015204573303104218,label_noise,0.1,0.09627617868564953,0.09619295136329498,0.09635362667436975,0.19261900208425642,0.09627617868564953
Spambase,LR,Linear,0.2,0.0,0.0,0.0,4601,42,0.727016003398952,0.006308508885340415,0.707826809406922,0.008029247811796493,0.7106405072526396,0.00834560383482406,0.4367135477915111,0.013282676336600076,label_noise,0.2,0.19821877606256577,0.2104506068719092,0.21050060969900652,0.40629381280357385,0.19821877606256577
Spambase,LR,Linear,0.2,0.0,0.0,0.0,4601,43,0.7415765000236039,0.010845329548384311,0.7242890913763442,0.0120487238320268,0.727537450455018,0.012367895031070286,0.4690966540464805,0.02320006739190114,label_noise,0.2,0.1836582794379139,0.19398832490248696,0.19360366649662808,0.3739107065486045,0.1836582794379139
Spambase,LR,Linear,0.2,0.0,0.0,0.0,4601,44,0.7385358542227258,0.007646716031501952,0.721509207749856,0.008185365938615775,0.7245923288672861,0.008442345007483566,0.4635710663883764,0.016183475510223276,label_noise,0.2,0.18669892523879195,0.19676820852897514,0.19654878808436005,0.37943629420670855,0.18669892523879195
Spambase,RF,Ensemble,0.2,0.0,0.0,0.0,4601,42,0.7531001274606997,0.011908830919869093,0.7380811795093933,0.011863701020634465,0.7415173324896943,0.012212635523259676,0.49156176423528297,0.024771101543608558,label_noise,0.2,0.19169538466380265,0.1993307854014046,0.20007263700960443,0.3927050512367045,0.19169538466380265
Spambase,RF,Ensemble,0.2,0.0,0.0,0.0,4601,43,0.7622227729783317,0.009987523486059113,0.747129197180277,0.010499073234786115,0.750853199248123,0.010627140102969857,0.5124315324919526,0.02165072107573539,label_noise,0.2,0.18257273914617056,0.19028276773052089,0.19073677025117575,0.3718352829800349,0.18257273914617056
Spambase,RF,Ensemble,0.2,0.0,0.0,0.0,4601,44,0.7554864750035406,0.0061659979416093,0.742898091310186,0.005431572747149659,0.7459744152888039,0.005746393181308452,0.4985059569072382,0.012959326343638113,label_noise,0.2,0.1893090371209617,0.1945138736006119,0.1956155542104948,0.3857608585647493,0.1893090371209617
Spambase,XGB,Boosting,0.2,0.0,0.0,0.0,4601,42,0.7509257423405561,0.006563369353018282,0.7381219296979031,0.0059475531069110455,0.7409782273839082,0.006187183990453017,0.4872356916728123,0.013094520088045191,label_noise,0.2,0.19944845709609904,0.20797704913243908,0.2068365716862226,0.4086637918917296,0.19944845709609904
Spambase,XGB,Boosting,0.2,0.0,0.0,0.0,4601,43,0.7617884624463013,0.012539827974095296,0.7493626065900221,0.013348424599579242,0.7524406285918082,0.01330268938935926,0.5111460579316833,0.026583585117207976,label_noise,0.2,0.18858573699035386,0.19673637224032015,0.19537417047832262,0.3847534256328585,0.18858573699035386
Spambase,XGB,Boosting,0.2,0.0,0.0,0.0,4601,44,0.755053580701506,0.005154968296653948,0.7438987147515825,0.0052581983970397825,0.7465828677745314,0.00531937653993113,0.4976820271905028,0.01058119226505972,label_noise,0.2,0.19532061873514917,0.20220026407875968,0.20123193129559935,0.39821745637403905,0.19532061873514917
Spambase,SVM,Kernel,0.2,0.0,0.0,0.0,4601,42,0.7463598168342539,0.00896901277111409,0.7318006495277516,0.00978342136862603,0.7349218732783535,0.009837685280505526,0.4772891618886367,0.01869738892148437,label_noise,0.2,0.18655470581755806,0.1944893804568809,0.19431853062888493,0.3818027834083474,0.18655470581755806
Spambase,SVM,Kernel,0.2,0.0,0.0,0.0,4601,43,0.7520075060189775,0.010318263376715868,0.7378212162977935,0.010379890491611744,0.7410936273897094,0.010644155096086422,0.49063122021430905,0.022108787017729434,label_noise,0.2,0.18090701663283448,0.188468813686839,0.18814677651752898,0.368460725082675,0.18090701663283448
Spambase,SVM,Kernel,0.2,0.0,0.0,0.0,4601,44,0.7478780153896992,0.008692642773100202,0.7351834356416651,0.008101829262872676,0.7380977299664963,0.008432651620082334,0.482618023862641,0.01813253263800096,label_noise,0.2,0.18503650726211274,0.1911065943429674,0.19114267394074214,0.37647392143434305,0.18503650726211274
Spambase,MLP,Neural,0.2,0.0,0.0,0.0,4601,42,0.7426660529670018,0.007070800963223705,0.7299420604743799,0.006343214269389941,0.7326184278499119,0.006631910503739726,0.4699286571365664,0.014244746308721936,label_noise,0.2,0.19437796031408838,0.20277871650261114,0.2012597300918325,0.3980897661885018,0.19437796031408838
Spambase,MLP,Neural,0.2,0.0,0.0,0.0,4601,43,0.7470084501723079,0.013859959360077712,0.7333549822781542,0.015331450376804718,0.7363113031051807,0.015459306864489165,0.47998479902325697,0.02915290462754926,label_noise,0.2,0.19003556310878233,0.19936579469883686,0.19756685483656378,0.3880336243018112,0.19003556310878233
Spambase,MLP,Neural,0.2,0.0,0.0,0.0,4601,44,0.7530956427323797,0.008043794423559009,0.7402591118357951,0.009096633256798417,0.7432942406904285,0.009094939339140077,0.49338115768934043,0.016838748855611346,label_noise,0.2,0.1839483705487105,0.192461665141196,0.19058391725131596,0.37463726563572775,0.1839483705487105
Spambase,GB,Boosting,0.2,0.0,0.0,0.0,4601,42,0.7500549969315016,0.005064174322927367,0.7376100541578715,0.0055386428827066255,0.7402599035843236,0.0053128103637666915,0.48575138551725533,0.010124823030444468,label_noise,0.2,0.19763772836708704,0.20537508989195974,0.20469728753576555,0.40453032481901646,0.19763772836708704
Spambase,GB,Boosting,0.2,0.0,0.0,0.0,4601,43,0.7602688476608602,0.009126236836082175,0.7482552086203698,0.010674261473564504,0.751168700688449,0.010362943291503182,0.5079014268310849,0.01931894581516662,label_noise,0.2,0.1874238776377284,0.1947299354294615,0.19378849043164015,0.38238028350518694,0.1874238776377284
Spambase,GB,Boosting,0.2,0.0,0.0,0.0,4601,44,0.7552728603125147,0.005365889396600241,0.7439198158450029,0.006299141982441593,0.7466556719308386,0.006199718071664379,0.49803522311627696,0.011158216927335296,label_noise,0.2,0.19241986498607389,0.19906532820482836,0.19830151918925054,0.39224648721999483,0.19241986498607389
Bank,LR,Linear,0.2,0.0,0.0,0.0,5000,42,0.7308,0.009826494797230606,0.5526256000629142,0.013246391433781502,0.5353404307033995,0.019457239671888334,0.1835685158555649,0.04441670178804029,label_noise,0.2,0.16533333333333322,0.08901372198410884,0.1413467995717952,0.20209215125304134,0.16533333333333322
Bank,LR,Linear,0.2,0.0,0.0,0.0,5000,43,0.7396,0.007787168933572721,0.548261168226826,0.0114925429741581,0.529830583361087,0.018117752062523144,0.17608993286133792,0.03644329774710227,label_noise,0.2,0.1565333333333332,0.09337815382019699,0.1468566469141077,0.20957073424726833,0.1565333333333332
Bank,LR,Linear,0.2,0.0,0.0,0.0,5000,44,0.7323999999999999,0.006740919818541093,0.5321329357052311,0.008319388788466574,0.4996627476700756,0.01246253586641259,0.13708521810591384,0.03597262817153073,label_noise,0.2,0.1637333333333333,0.10950638634179188,0.1770244826051191,0.2485754490026924,0.1637333333333333
Bank,RF,Ensemble,0.2,0.0,0.0,0.0,5000,42,0.7276,0.005535341001239224,0.5423554133466453,0.009778231986652348,0.5168446996892593,0.017353118341766737,0.16059323428895161,0.030545667574085996,label_noise,0.2,0.16833333333333333,0.06110952907639455,0.1205957509123502,0.1822320741418041,0.16833333333333333
Bank,RF,Ensemble,0.2,0.0,0.0,0.0,5000,43,0.7342,0.004915282290977807,0.5349499847989605,0.00879183350430884,0.5071172591182396,0.014843954225897748,0.13832523514431308,0.02887784756237973,label_noise,0.2,0.1617333333333334,0.06851495762407933,0.1303231914833699,0.20450007328644262,0.1617333333333334
Bank,RF,Ensemble,0.2,0.0,0.0,0.0,5000,44,0.7312000000000001,0.005455272678794347,0.5246347165995802,0.008445254682554615,0.4835148139229313,0.01409771784989806,0.11786574265942988,0.03679893067285269,label_noise,0.2,0.1647333333333333,0.07883022582345967,0.1539256366786782,0.2249595657713258,0.1647333333333333
Bank,XGB,Boosting,0.2,0.0,0.0,0.0,5000,42,0.7202,0.006852736679604732,0.5504937488691678,0.008757274458917778,0.5376475923299989,0.01243694051461989,0.15756081964755986,0.025493521754677246,label_noise,0.2,0.17553333333333332,0.11390404033043344,0.15762988348397589,0.2514804346638138,0.17553333333333332
Bank,XGB,Boosting,0.2,0.0,0.0,0.0,5000,43,0.7302,0.0011661903789690613,0.5467471380393273,0.004824992236369133,0.5328787205733788,0.008140145840814732,0.15176974853317113,0.011019678160185675,label_noise,0.2,0.1655333333333333,0.11765065116027396,0.162398755240596,0.25727150577820257,0.1655333333333333
Bank,XGB,Boosting,0.2,0.0,0.0,0.0,5000,44,0.7278,0.006273754856543254,0.5363384915917483,0.006984995263661922,0.5123277173511598,0.010663246642985204,0.1334526213205509,0.025963625601063505,label_noise,0.2,0.16793333333333327,0.12805929760785295,0.18294975846281503,0.27558863299082276,0.16793333333333327
Bank,SVM,Kernel,0.2,0.0,0.0,0.0,5000,42,0.7251999999999998,0.0020396078054371156,0.5339240634194702,0.0033420827909130873,0.5012947445423748,0.005978613281279946,0.14037637354442567,0.011162831556413013,label_noise,0.2,0.16500000000000015,0.054431161742096945,0.11483266495787747,0.1556976061559569,0.16500000000000015
Bank,SVM,Kernel,0.2,0.0,0.0,0.0,5000,43,0.7345999999999999,0.003136877428271627,0.5328720954472999,0.00436734671049922,0.5023692543899989,0.008458494080311093,0.13707014811908075,0.015290465028660995,label_noise,0.2,0.15560000000000007,0.055483129714267276,0.11375815511025333,0.15900383158130182,0.15560000000000007
Bank,SVM,Kernel,0.2,0.0,0.0,0.0,5000,44,0.727,0.005932958789676535,0.5203676870705959,0.0012710834151416187,0.4777361248556248,0.0061131684746301325,0.09927373877626579,0.01611256366192888,label_noise,0.2,0.1632,0.06798753809097124,0.13839128464462747,0.1968002409241168,0.1632
Bank,MLP,Neural,0.2,0.0,0.0,0.0,5000,42,0.7245999999999999,0.010248902380255175,0.5489765756760618,0.01289137602450894,0.5319718017749556,0.02000192770952213,0.1640043681140671,0.04150486515672164,label_noise,0.2,0.1664000000000001,0.07023112405258913,0.11471488320730061,0.17017066773019773,0.1664000000000001
Bank,MLP,Neural,0.2,0.0,0.0,0.0,5000,43,0.7376,0.006183849933496128,0.5473716465527905,0.009245239533030544,0.5293654219300148,0.01572723723540092,0.16943283221887348,0.027302707117535803,label_noise,0.2,0.15339999999999998,0.0718360531758605,0.11732126305224144,0.16474220362539135,0.15339999999999998
Bank,MLP,Neural,0.2,0.0,0.0,0.0,5000,44,0.728,0.010039920318408915,0.5291048392163976,0.011152200084337647,0.4969528283283194,0.01657138014742586,0.12041090063619005,0.049930612845834534,label_noise,0.2,0.16300000000000003,0.09010286051225336,0.14973385665393685,0.2137641352080748,0.16300000000000003
Bank,GB,Boosting,0.2,0.0,0.0,0.0,5000,42,0.7177999999999999,0.0064000000000000055,0.5451216554567455,0.006494183646619225,0.5294730579769453,0.008869662159071751,0.14427402764095065,0.022389077679278106,label_noise,0.2,0.1766000000000001,0.12074548357007642,0.1655064011029791,0.2617219519976121,0.1766000000000001
Bank,GB,Boosting,0.2,0.0,0.0,0.0,5000,43,0.7348,0.002785677655436826,0.5541260856475929,0.007425566973068599,0.5434098192518518,0.011664003448717772,0.1730618334493781,0.017008725479921858,label_noise,0.2,0.15959999999999996,0.11174105337922902,0.1515696398280726,0.23293414618918468,0.15959999999999996
Bank,GB,Boosting,0.2,0.0,0.0,0.0,5000,44,0.7322,0.004534313619501858,0.5405034336769308,0.004974326004009623,0.5174980159036713,0.007642006557346454,0.15125369911747488,0.01926129972663417,label_noise,0.2,0.1622,0.12536370534989116,0.17748144317625314,0.2547422805210879,0.1622
Wine,LR,Linear,0.2,0.0,0.0,0.0,178,42,0.6965079365079365,0.04856883487213261,0.6967399267399267,0.05054622179093228,0.6969958567169962,0.048547566225604494,0.5465639566238946,0.0717995469999978,label_noise,0.2,0.28862433862433845,0.2890449057115725,0.28787663026260435,0.43155427768348453,0.28862433862433845
Wine,LR,Linear,0.2,0.0,0.0,0.0,178,43,0.7866666666666665,0.08124038404635961,0.7821489621489621,0.07338642994572919,0.779846754257128,0.07749104588940568,0.6814499801689157,0.1185497865087333,label_noise,0.2,0.19846560846560846,0.20363587030253705,0.2050257327224725,0.2966682541384634,0.19846560846560846
Wine,LR,Linear,0.2,0.0,0.0,0.0,178,44,0.7531746031746032,0.03882891390836995,0.752975912975913,0.03349545360078143,0.7514139659715108,0.036477442550567396,0.6333038926800274,0.05933828853411458,label_noise,0.2,0.2319576719576718,0.23280891947558613,0.23345852100808973,0.3448143416273517,0.2319576719576718
Wine,RF,Ensemble,0.2,0.0,0.0,0.0,178,42,0.7133333333333333,0.03355707224275785,0.7144078144078143,0.03547535832158484,0.7114110957989019,0.03284047386340178,0.5743817865647949,0.05211014292654667,label_noise,0.2,0.26984126984127,0.27104192104192115,0.2723196508207336,0.40069584937600145,0.26984126984127
Wine,RF,Ensemble,0.2,0.0,0.0,0.0,178,43,0.7861904761904762,0.073356005565544,0.781050061050061,0.06969787961066379,0.7799715128234397,0.07205593622909777,0.6802505918028728,0.10876587317703072,label_noise,0.2,0.19698412698412704,0.20439967439967444,0.20375923379619587,0.2948270441379235,0.19698412698412704
Wine,RF,Ensemble,0.2,0.0,0.0,0.0,178,44,0.7644444444444445,0.04346830540989449,0.763986013986014,0.040604517280125346,0.7616584437317601,0.04369940535565711,0.6540880096480656,0.06522925297983927,label_noise,0.2,0.21873015873015877,0.2214637214637215,0.2220723028878755,0.32098962629273076,0.21873015873015877
Wine,XGB,Boosting,0.2,0.0,0.0,0.0,178,42,0.6746031746031746,0.04885950467181391,0.6737007437007436,0.055616073165764696,0.6684999301773495,0.05470223787772498,0.5142794894026208,0.07837535550873617,label_noise,0.2,0.2823809523809523,0.2852490719157388,0.28864116142587737,0.4217656634092094,0.2823809523809523
Wine,XGB,Boosting,0.2,0.0,0.0,0.0,178,43,0.758095238095238,0.08830220218977908,0.7546031746031747,0.08620350807824924,0.7564906536280895,0.08834895035476374,0.6353277515260163,0.13229185811874108,label_noise,0.2,0.1988888888888889,0.20434664101330768,0.20065043797513737,0.3007174012858139,0.1988888888888889
Wine,XGB,Boosting,0.2,0.0,0.0,0.0,178,44,0.6861904761904761,0.07883889061062142,0.6857420357420357,0.0752928787608398,0.6832285451279483,0.0764492149785836,0.531185817662428,0.11844882250498968,label_noise,0.2,0.2707936507936508,0.27320777987444667,0.27391254647527863,0.4048593351494022,0.2707936507936508
Wine,SVM,Kernel,0.2,0.0,0.0,0.0,178,42,0.7466666666666667,0.049592443283619364,0.7447308247308247,0.054379406579608464,0.745748923533673,0.05068261410349312,0.6209742827472905,0.07584812244187154,label_noise,0.2,0.23650793650793644,0.23725250058583391,0.23708315618709241,0.3540548487835584,0.23650793650793644
Wine,SVM,Kernel,0.2,0.0,0.0,0.0,178,43,0.7919047619047619,0.07743429175066224,0.7884574684574683,0.07552558562074878,0.7865164221051911,0.07701540487615909,0.6893447831049956,0.11505497983363706,label_noise,0.2,0.19126984126984126,0.19352585685919033,0.19631565761557423,0.28568434842585333,0.19126984126984126
Wine,SVM,Kernel,0.2,0.0,0.0,0.0,178,44,0.7922222222222223,0.032970053676107246,0.793030303030303,0.03270081965955204,0.7907287366417802,0.03466010797915882,0.6965592792948241,0.04541622667601037,label_noise,0.2,0.19095238095238087,0.1889530222863557,0.19210334307898513,0.27846985223602483,0.19095238095238087
Wine,MLP,Neural,0.2,0.0,0.0,0.0,178,42,0.6393650793650792,0.10740837177350059,0.6567776667776667,0.09191435317354188,0.6264286000337974,0.12854095772383153,0.4839726765927006,0.14280575895550154,label_noise,0.2,0.2801058201058202,0.2669693269693272,0.2945820549097824,0.39901962763064436,0.2801058201058202
Wine,MLP,Neural,0.2,0.0,0.0,0.0,178,43,0.6515873015873016,0.10758462716867792,0.6645828245828246,0.1037679114619714,0.6342571002785942,0.13982223158578352,0.500233689731527,0.13787806231969715,label_noise,0.2,0.26788359788359783,0.2591641691641693,0.28675355466498564,0.3827586144918179,0.26788359788359783
Wine,MLP,Neural,0.2,0.0,0.0,0.0,178,44,0.6290476190476191,0.06592864356123321,0.6396348096348096,0.06574382325113794,0.5946121561156624,0.09776892385628616,0.47558021439876547,0.09812056739509355,label_noise,0.2,0.29042328042328036,0.2841121841121843,0.3263984988279174,0.4074120898245795,0.29042328042328036
Wine,GB,Boosting,0.2,0.0,0.0,0.0,178,42,0.6573015873015873,0.04501448494512941,0.6540670440670441,0.048335299113901706,0.6512108696417594,0.04837837151381176,0.4877765697402624,0.07490115033368118,label_noise,0.2,0.27349206349206356,0.2748186381519715,0.28074729493446116,0.41085111268581054,0.27349206349206356
Wine,GB,Boosting,0.2,0.0,0.0,0.0,178,43,0.72984126984127,0.07144726386808194,0.7258852258852259,0.0648902525577189,0.7243961200964542,0.06802626395168289,0.5967110586924921,0.10612046752869457,label_noise,0.2,0.20095238095238088,0.20300045633378971,0.20756204447976645,0.30191662373358086,0.20095238095238088
Wine,GB,Boosting,0.2,0.0,0.0,0.0,178,44,0.685873015873016,0.04859683949879724,0.6856410256410256,0.04703063561133919,0.6803278234821286,0.050477493871508405,0.5351403055394334,0.07269552443671164,label_noise,0.2,0.24492063492063487,0.24324465657799,0.251630341094092,0.36348737688663957,0.24492063492063487
BreastCancer,LR,Linear,0.2,0.0,0.0,0.0,569,42,0.7346685297314082,0.026408162314967457,0.7053324808184144,0.025542645204703247,0.7105660630283814,0.027062990068588668,0.4370274272118647,0.05783201689262261,label_noise,0.2,0.24075454122030748,0.2655705644991413,0.2628841823437289,0.5109423724721087,0.24075454122030748
BreastCancer,LR,Linear,0.2,0.0,0.0,0.0,569,43,0.7504114267970812,0.04263301276978883,0.7306209861567006,0.048044245305327846,0.7340700157200452,0.04828017891509434,0.48308926652497164,0.09057571619403529,label_noise,0.2,0.22501164415463448,0.2402820591608551,0.23938022965206518,0.4648805331590018,0.22501164415463448
BreastCancer,LR,Linear,0.2,0.0,0.0,0.0,569,44,0.7749728303058532,0.03319284098923983,0.7573469387755102,0.03784953773409711,0.7610908501684467,0.03899361487758746,0.5396907284535221,0.0701012551347342,label_noise,0.2,0.20045024064586248,0.2135561065420455,0.21235939520366365,0.4082790712304514,0.20045024064586248
BreastCancer,RF,Ensemble,0.2,0.0,0.0,0.0,569,42,0.7451793199813694,0.05651649534886286,0.7311324239840864,0.05546880755659781,0.7326942184961572,0.05757542776731854,0.4705988406197723,0.12035587525977574,label_noise,0.2,0.21617243699218547,0.2263544221573618,0.22582423231689197,0.44809952350014937,0.21617243699218547
BreastCancer,RF,Ensemble,0.2,0.0,0.0,0.0,569,43,0.7433783573979195,0.025377367006421715,0.7287026663812378,0.031751461724941754,0.7309617167866406,0.03086212637168572,0.4696604418615423,0.056798855036584966,label_noise,0.2,0.21797339957563544,0.22878417976021037,0.22755673402640864,0.44903792225837935,0.21797339957563544
BreastCancer,RF,Ensemble,0.2,0.0,0.0,0.0,569,44,0.7977798478497127,0.04293287522059897,0.7860145211930926,0.04984583376862473,0.7887080361512048,0.048580440352144115,0.584178981755868,0.09041949983361522,label_noise,0.2,0.16357190912384223,0.17147232494835563,0.16981041466184443,0.33451938236405365,0.16357190912384223
BreastCancer,XGB,Boosting,0.2,0.0,0.0,0.0,569,42,0.7223257258189723,0.045568635432701336,0.7020233020744528,0.047711438203081255,0.7043973549409961,0.04701986163188505,0.417064334735899,0.09853259196617158,label_noise,0.2,0.24487398437095675,0.26037611596695664,0.260248444621625,0.5135563732537388,0.24487398437095675
BreastCancer,XGB,Boosting,0.2,0.0,0.0,0.0,569,43,0.7345598509548207,0.04173063438215548,0.7215593335236192,0.049769890585522204,0.7226163447018958,0.04710222731075529,0.45217871496229983,0.09198689095357827,label_noise,0.2,0.23263985923510833,0.24084008451779026,0.24202945486072525,0.478441993027338,0.23263985923510833
BreastCancer,XGB,Boosting,0.2,0.0,0.0,0.0,569,44,0.7837602856699271,0.025876775848110826,0.773246991104134,0.031868915928588065,0.7753910120061629,0.030394123684229925,0.5561726842969165,0.055846131716723896,label_noise,0.2,0.18343942452000195,0.18915242693727552,0.1892547875564582,0.37444802369272134,0.18343942452000195
BreastCancer,SVM,Kernel,0.2,0.0,0.0,0.0,569,42,0.7662474770998291,0.04251207413755476,0.7481244671781756,0.04450445313401594,0.7517230912186936,0.04445507974730907,0.5095490713583255,0.09129662075099469,label_noise,0.2,0.20916524349221155,0.2239710256755878,0.2218485575605681,0.438153287853014,0.20916524349221155
BreastCancer,SVM,Kernel,0.2,0.0,0.0,0.0,569,43,0.7609687936655798,0.026964398383673965,0.7414356476856476,0.030243022508949818,0.7458835525856531,0.030749419922100764,0.5059115816415553,0.05772490911118881,label_noise,0.2,0.21444392692646086,0.23065984516811577,0.22768809619360864,0.44179077756978424,0.21444392692646086
BreastCancer,SVM,Kernel,0.2,0.0,0.0,0.0,569,44,0.7854991460953269,0.036003367949019156,0.7711839351125065,0.040347806179483414,0.7747619026462842,0.040783951806361775,0.5597195415993117,0.0760540706944196,label_noise,0.2,0.18991357449671376,0.2009115577412569,0.19880974613297753,0.3879828176120278,0.18991357449671376
BreastCancer,MLP,Neural,0.2,0.0,0.0,0.0,569,42,0.7486725663716814,0.03710391516844948,0.7261921000284172,0.037197000997001045,0.730591650148209,0.03782490253674537,0.4708496153247917,0.07963050362975578,label_noise,0.2,0.19802825648191258,0.21182649387782826,0.2115888082956987,0.41501027933042084,0.19802825648191258
BreastCancer,MLP,Neural,0.2,0.0,0.0,0.0,569,43,0.7398851110076075,0.02526217588909339,0.7251000784929357,0.033546990642185366,0.726841471173733,0.032185809883191016,0.46290096193053787,0.05782769395751663,label_noise,0.2,0.20681571184598657,0.21291851541330975,0.21533898727017475,0.42295893272467466,0.20681571184598657
BreastCancer,MLP,Neural,0.2,0.0,0.0,0.0,569,44,0.7433473063188947,0.04692575761449929,0.7337159863945579,0.04935252760421255,0.7345984646433733,0.04975657244277883,0.4741043201623925,0.09619345714187795,label_noise,0.2,0.20335351653469935,0.2043026075116875,0.20758199380053444,0.41175557449282,0.20335351653469935
BreastCancer,GB,Boosting,0.2,0.0,0.0,0.0,569,42,0.7258189722092843,0.040258714871899276,0.708529411764706,0.04297035973161406,0.7104226550347061,0.04220141833313568,0.42508970658486145,0.0868077285855496,label_noise,0.2,0.23024892615018377,0.24248678446521443,0.24233172068606446,0.48152138453372895,0.23024892615018377
BreastCancer,GB,Boosting,0.2,0.0,0.0,0.0,569,43,0.7415618692749574,0.03777958766491726,0.7304183316683318,0.04501350599529909,0.7310180596411697,0.042251425589818196,0.4694062499108453,0.08489968671828453,label_noise,0.2,0.21450602908451066,0.22059786456158859,0.22173631607960087,0.4372048412077451,0.21450602908451066
BreastCancer,GB,Boosting,0.2,0.0,0.0,0.0,569,44,0.7608290638099675,0.05368872090612957,0.7532044740973313,0.0584662903422407,0.7536369203952933,0.05747269829679395,0.5102713412426632,0.11440528374941723,label_noise,0.2,0.19523883454950053,0.19781172213258913,0.1991174553254773,0.39633974987592724,0.19523883454950053
Digits,LR,Linear,0.2,0.0,0.0,0.0,1797,42,0.685026307644692,0.01759558375703525,0.6835193388085391,0.018090654179007258,0.6835145904211637,0.018161566381747297,0.36833828720774014,0.0355241592385207,label_noise,0.2,0.20775766016713093,0.20928558315407286,0.20925581819808414,0.417511632506067,0.20775766016713093
Digits,LR,Linear,0.2,0.0,0.0,0.0,1797,43,0.7317703497369236,0.0077456843576970795,0.7315911914172784,0.007879050807974434,0.7313252804107222,0.007750930421917743,0.4641719482384091,0.015939923152030598,label_noise,0.2,0.16101361807489933,0.1612137305453336,0.16144512820852563,0.321677971475398,0.16101361807489933
Digits,LR,Linear,0.2,0.0,0.0,0.0,1797,44,0.7328783658310121,0.01675494718888174,0.7327458261820399,0.016942567259112275,0.7325691023764336,0.017063084313576497,0.46628904674056476,0.033129054638633124,label_noise,0.2,0.15990560198081083,0.1600590957805721,0.16020130624281426,0.31956087297324237,0.15990560198081083
Digits,RF,Ensemble,0.2,0.0,0.0,0.0,1797,42,0.745677808727948,0.02022138532154818,0.745468351533652,0.020208167565781712,0.7451930905684898,0.020254405437712175,0.49117546130790546,0.040341531699817086,label_noise,0.2,0.2320648921902405,0.23227203368628502,0.23254827050860272,0.4643758310122894,0.2320648921902405
Digits,RF,Ensemble,0.2,0.0,0.0,0.0,1797,43,0.7751949860724234,0.017543587671051408,0.7750550536420101,0.01783288088398182,0.774711190118129,0.017824375047196573,0.5516732130723058,0.0347275488983824,label_noise,0.2,0.20254771484576506,0.2026853315779269,0.20303017095896359,0.4038780792478891,0.20254771484576506
Digits,RF,Ensemble,0.2,0.0,0.0,0.0,1797,44,0.7757288765088207,0.010068945202269952,0.7757305590302932,0.010133260808424803,0.7756241732260467,0.010098675626429944,0.5519243784922863,0.020231804902668443,label_noise,0.2,0.20201382440936777,0.2020098261896438,0.20211718785104582,0.4036269138279086,0.20201382440936777
Digits,XGB,Boosting,0.2,0.0,0.0,0.0,1797,42,0.7223119777158773,0.02605896841453874,0.721458715370896,0.026659908209415117,0.721413803719732,0.026661701330551523,0.4435138193035537,0.05244523247423521,label_noise,0.2,0.2478205921799238,0.24866940929687475,0.24871673070050038,0.49683245412735466,0.2478205921799238
Digits,XGB,Boosting,0.2,0.0,0.0,0.0,1797,43,0.7579418136799753,0.014311578086187137,0.7576332580463015,0.014632073433851893,0.7571345358614101,0.014939254453135962,0.5176890577748419,0.027151558532027477,label_noise,0.2,0.21219075621582584,0.21249486662146921,0.21299599855882223,0.4226572156560665,0.21219075621582584
Digits,XGB,Boosting,0.2,0.0,0.0,0.0,1797,44,0.7607118539151966,0.013281332200570055,0.7606526210581475,0.013276763146181507,0.7604936795157106,0.013455258371210156,0.5220804916538374,0.025918282665388512,label_noise,0.2,0.20942071598060452,0.2094755036096233,0.20963685490452177,0.41826578177707097,0.20942071598060452
Digits,SVM,Kernel,0.2,0.0,0.0,0.0,1797,42,0.7673893531414422,0.020587677520364583,0.7679669816026384,0.02080663406363008,0.7672067678915575,0.020677971907609012,0.5357630643840097,0.04151200267261295,label_noise,0.2,0.2133240482822657,0.21275083890622493,0.21350538335987446,0.42574599723561035,0.2133240482822657
Digits,SVM,Kernel,0.2,0.0,0.0,0.0,1797,43,0.7885499845249149,0.02381790574544631,0.7885542066629023,0.0240127879457489,0.7881376102283613,0.024102673543121893,0.5785955728257236,0.0469702319582411,label_noise,0.2,0.19216341689879302,0.19216361384596103,0.1925745410230707,0.3829134887938964,0.19216341689879302
Digits,SVM,Kernel,0.2,0.0,0.0,0.0,1797,44,0.786857010213556,0.008783197535282353,0.7868730863173403,0.00881487829967921,0.7867747483536027,0.008792990706825089,0.5741582195934222,0.017662716059168363,label_noise,0.2,0.19385639121015186,0.19384473419152304,0.19393740289782924,0.38735084202619785,0.19385639121015186
Digits,MLP,Neural,0.2,0.0,0.0,0.0,1797,42,0.7284447539461467,0.022760592099656238,0.7276829205095566,0.022918272035358137,0.7276491806150928,0.02294858645274265,0.4560027265132051,0.045707679806914515,label_noise,0.2,0.23520117610646862,0.23596974709678253,0.2359955376995776,0.471356632127839,0.23520117610646862
Digits,MLP,Neural,0.2,0.0,0.0,0.0,1797,43,0.7635112968121325,0.018494200604556282,0.7633605307735742,0.0187253685161186,0.763046058487288,0.0187120286477064,0.5280531913586819,0.036757064355345606,label_noise,0.2,0.20013463324048286,0.20029213683276492,0.20059865982738234,0.39930616728236223,0.20013463324048286
Digits,MLP,Neural,0.2,0.0,0.0,0.0,1797,44,0.7439956669761683,0.017465787381715437,0.7439909887633513,0.017386014479590418,0.7438458897378663,0.01743524337714809,0.48852858550398315,0.034916755763424276,label_noise,0.2,0.21965026307644708,0.21966167884298782,0.2197988285768041,0.438830773137061,0.21965026307644708
Digits,GB,Boosting,0.2,0.0,0.0,0.0,1797,42,0.7234261838440113,0.017850407443197287,0.7226067951611125,0.018345020201282595,0.7226550037899637,0.01822201927399314,0.4456075437355831,0.03619406310300942,label_noise,0.2,0.24373826472712257,0.2445531823416225,0.24450663336709033,0.48882240894119755,0.24373826472712257
Digits,GB,Boosting,0.2,0.0,0.0,0.0,1797,43,0.752372330547818,0.016403820592508778,0.7524565217391304,0.01686748111729264,0.75184947300332,0.016777979133724797,0.506540913395838,0.03286424891563046,label_noise,0.2,0.21479211802331577,0.2147034557636046,0.2153121641537341,0.4278890392809427,0.21479211802331577
Digits,GB,Boosting,0.2,0.0,0.0,0.0,1797,44,0.7573645930052615,0.01349361615641221,0.7573002495915571,0.013444952518079242,0.7571686916456809,0.013429789088625297,0.5153534922020003,0.027147431098613985,label_noise,0.2,0.20979985556587233,0.2098597279111779,0.20999294551137315,0.4190764604747803,0.20979985556587233
Spambase,LR,Linear,0.35,0.0,0.0,0.0,4601,42,0.6020436198838691,0.011469166038941974,0.5917145580386237,0.01094747340744637,0.5864660434006342,0.01065116985671127,0.19345144712581944,0.024155057233390426,label_noise,0.35,0.32319115957764866,0.3265628582402075,0.3346750735510119,0.6495559134692656,0.32319115957764866
Spambase,LR,Linear,0.35,0.0,0.0,0.0,4601,43,0.6187751970920077,0.017452380071563238,0.6082864451646351,0.016815031671253613,0.6046732061583114,0.0165387773324634,0.22717192880705447,0.036586639907674856,label_noise,0.35,0.3064595823695101,0.30999097111419605,0.3164679107933347,0.6158354317880305,0.3064595823695101
Spambase,LR,Linear,0.35,0.0,0.0,0.0,4601,44,0.6018264646178539,0.013527579876749747,0.5916148570316923,0.013647919341144735,0.5868822470665638,0.014526818704157547,0.1923499340042571,0.028081889538365407,label_noise,0.35,0.32340831484366384,0.32666255924713894,0.33425886988508235,0.6506574265908278,0.32340831484366384
Spambase,RF,Ensemble,0.35,0.0,0.0,0.0,4601,42,0.6066081291601757,0.0067871219756995,0.5955222221375776,0.006479515530814044,0.5891004685613981,0.007036959523628801,0.20328393152037263,0.014525874675323574,label_noise,0.35,0.3381873829643266,0.3418897427732204,0.35248950093790066,0.6809828839516149,0.3381873829643266
Spambase,RF,Ensemble,0.35,0.0,0.0,0.0,4601,43,0.6207321909078034,0.012157111355522698,0.6092353234542884,0.012128680317115219,0.6043728001117552,0.012671589497924952,0.23127720750822772,0.026205018415885357,label_noise,0.35,0.3240633212166989,0.3281766414565095,0.33721716938754354,0.6529896079637598,0.3240633212166989
Spambase,RF,Ensemble,0.35,0.0,0.0,0.0,4601,44,0.6131286880989474,0.008506131126619694,0.6027634533097581,0.008632274173461421,0.5982362475026546,0.009242786118843173,0.21611948820850083,0.017720431525727397,label_noise,0.35,0.3316668240255549,0.3346485116010398,0.34335372199664416,0.6681473272634867,0.3316668240255549
Spambase,XGB,Boosting,0.35,0.0,0.0,0.0,4601,42,0.597913421139593,0.015124945236112701,0.5893689799046689,0.014959235872349964,0.5861913731124242,0.015274177447222315,0.1853131089498779,0.03129758828462461,label_noise,0.35,0.3524607782970621,0.35672999892567336,0.3616234259577066,0.7105863746146639,0.3524607782970621
Spambase,XGB,Boosting,0.35,0.0,0.0,0.0,4601,43,0.6194245385450596,0.01738236614198987,0.6102190188263606,0.017328630471510918,0.6078681746547933,0.01769042516158793,0.22848130023534377,0.03646761743154577,label_noise,0.35,0.3309496608915955,0.33587996000398157,0.3399466244153375,0.6674181833291981,0.3309496608915955
Spambase,XGB,Boosting,0.35,0.0,0.0,0.0,4601,44,0.6059564273237974,0.005121685906794807,0.597484339264418,0.004766525934942986,0.5947779558274676,0.005054738252907498,0.20173879555942298,0.010535145445730323,label_noise,0.35,0.34441777211285773,0.3486146395659242,0.35303684324266316,0.6941606880051189,0.34441777211285773
Spambase,SVM,Kernel,0.35,0.0,0.0,0.0,4601,42,0.6068255204645234,0.012099815521906754,0.5972793980045437,0.01158545225556816,0.5932216768613527,0.011359800944839614,0.20360709157418122,0.025481581432614975,label_noise,0.35,0.32608900218728853,0.32901063198008884,0.33601872704588565,0.6554848537228029,0.32608900218728853
Spambase,SVM,Kernel,0.35,0.0,0.0,0.0,4601,43,0.6185554454043337,0.0169449737225873,0.6081475486027054,0.01662392067796573,0.6046477520789911,0.016783858577535907,0.22650877966717387,0.035792413191202486,label_noise,0.35,0.31435907724747825,0.31814248138192713,0.32459265182824726,0.6325831656298102,0.31435907724747825
Spambase,SVM,Kernel,0.35,0.0,0.0,0.0,4601,44,0.6016097814285041,0.010290525562134384,0.5923434127968028,0.01077403587785862,0.5887554440836487,0.011809800884125138,0.1921239465016219,0.02132037909795709,label_noise,0.35,0.3313047412233079,0.3339466171878297,0.34048495982358973,0.6669679987953622,0.3313047412233079
Spambase,MLP,Neural,0.35,0.0,0.0,0.0,4601,42,0.5966071850068451,0.012565102021717721,0.5880249102481849,0.01283445833142015,0.5847482992373766,0.013441772474928752,0.18248022047755033,0.026246216191463084,label_noise,0.35,0.34043682827424515,0.34469586672880614,0.34912985870436786,0.6855382028475179,0.34043682827424515
Spambase,MLP,Neural,0.35,0.0,0.0,0.0,4601,43,0.6048664023037342,0.007715838913088798,0.5961317540175713,0.007356405015222101,0.5938880773937579,0.00724240868626373,0.19847426979610489,0.015890404922041752,label_noise,0.35,0.332177610977356,0.3365890229594197,0.3399900805479865,0.6695441535289632,0.332177610977356
Spambase,MLP,Neural,0.35,0.0,0.0,0.0,4601,44,0.60421776896568,0.008367009240442548,0.5956647877605094,0.008985047917019949,0.5927928631969616,0.010208994817842973,0.19796709990703545,0.01735534331768338,label_noise,0.35,0.3328262443154102,0.3370559892164817,0.3410852947447829,0.6700513234180328,0.3328262443154102
Spambase,GB,Boosting,0.35,0.0,0.0,0.0,4601,42,0.6035663031676345,0.013990015558597945,0.595310222703298,0.01332441248344912,0.5926109130709427,0.013042918349879805,0.19726860115731026,0.028806500155811585,label_noise,0.35,0.3441264221309541,0.3476749213465332,0.3523462780491464,0.6930131091789615,0.3441264221309541
Spambase,GB,Boosting,0.35,0.0,0.0,0.0,4601,43,0.6220337062738988,0.018379987269432217,0.6132926329292586,0.017929781061330863,0.611391903307775,0.017953982784135424,0.23416927688566475,0.03800584968556083,label_noise,0.35,0.32565901902468986,0.32969251112057263,0.3335652878123141,0.656112433450607,0.32565901902468986
Spambase,GB,Boosting,0.35,0.0,0.0,0.0,4601,44,0.604652315536043,0.007384294022588473,0.596545203260192,0.0064651721434293005,0.5943045344789286,0.005886806114255604,0.1991543157547822,0.014861135090560794,label_noise,0.35,0.3430404097625456,0.34643994078963924,0.3506526566411605,0.6911273945814895,0.3430404097625456
Bank,LR,Linear,0.35,0.0,0.0,0.0,5000,42,0.6092,0.004261455150532507,0.52315089376958,0.002484725689491632,0.46657441170375347,0.005761704302612161,0.08012057135256281,0.01117023053791945,label_noise,0.35,0.28693333333333326,0.11848842827744299,0.21011281857144126,0.30554009575604346,0.28693333333333326
Bank,LR,Linear,0.35,0.0,0.0,0.0,5000,43,0.6214000000000001,0.00588557558782487,0.5282402201457079,0.005237954942795613,0.4775662673553763,0.006650721467737115,0.09599875213549734,0.019071662980111266,label_noise,0.35,0.27473333333333316,0.11339910190131508,0.19912096291981846,0.2896619149731089,0.27473333333333316
Bank,LR,Linear,0.35,0.0,0.0,0.0,5000,44,0.6092,0.0048744230427815805,0.5102320734822057,0.004586232946100152,0.4357232018088055,0.0068039023084381705,0.04301687573445091,0.019587487589908918,label_noise,0.35,0.28693333333333326,0.13140724856481734,0.2409640284663892,0.34264379137415535,0.28693333333333326
Bank,RF,Ensemble,0.35,0.0,0.0,0.0,5000,42,0.6056,0.005953150426454892,0.5183159940359519,0.0049140353888257994,0.4581391385704702,0.005100320811608037,0.06509071716313151,0.019227142403989594,label_noise,0.35,0.29033333333333333,0.08514894838708797,0.1793013120311393,0.2777345912676242,0.29033333333333333
Bank,RF,Ensemble,0.35,0.0,0.0,0.0,5000,43,0.6166,0.005953150426454892,0.5198380747809102,0.006692350296360899,0.46012765439324566,0.011169408470079497,0.07189513285730521,0.023223238201710728,label_noise,0.35,0.2793333333333333,0.08362686764212968,0.17731279620836382,0.2709301755734505,0.2793333333333333
Bank,RF,Ensemble,0.35,0.0,0.0,0.0,5000,44,0.601,0.00885437744847147,0.5016412695694281,0.008143280902354048,0.4240121971628933,0.010270157930967732,0.008103042889151542,0.032362446092492475,label_noise,0.35,0.2949333333333334,0.10182367285361171,0.2134282534387162,0.33472226554160417,0.2949333333333334
Bank,XGB,Boosting,0.35,0.0,0.0,0.0,5000,42,0.5932000000000001,0.013287588193498484,0.5184734717126535,0.013033370620168556,0.4824207366952292,0.015514587586279459,0.051944928978159534,0.03620583898173515,label_noise,0.35,0.3025333333333332,0.14592431748694779,0.21285673911874559,0.3570963253332141,0.3025333333333332
Bank,XGB,Boosting,0.35,0.0,0.0,0.0,5000,43,0.6125999999999999,0.005314132102234573,0.5288219301024178,0.005666493601862271,0.4938434613959902,0.008459476007850138,0.0829224376111717,0.015442102304761451,label_noise,0.35,0.28313333333333335,0.1355758590971834,0.20143401441798459,0.326118816700202,0.28313333333333335
Bank,XGB,Boosting,0.35,0.0,0.0,0.0,5000,44,0.5898,0.012765578717786368,0.5033171434599932,0.012911675744402482,0.4547501587869087,0.016833223528280452,0.010296182525032928,0.03918161305073795,label_noise,0.35,0.3059333333333333,0.161080645739608,0.2405273170270661,0.3987450717863407,0.3059333333333333
Bank,SVM,Kernel,0.35,0.0,0.0,0.0,5000,42,0.6028,0.0042614551505325065,0.5153842287782078,0.0027899706357662653,0.45416259914575396,0.005614216761990142,0.054687885342126055,0.011101730372785047,label_noise,0.35,0.2874,0.07297099638335935,0.16196481035449828,0.24138609435825653,0.2874
Bank,SVM,Kernel,0.35,0.0,0.0,0.0,5000,43,0.617,0.007211102550927985,0.5229918138264175,0.006959930177030675,0.46948436775110436,0.010720712623764027,0.07936705761350041,0.024616149096015148,label_noise,0.35,0.2732,0.06536341133514967,0.14664304174914788,0.21670692208688216,0.2732
Bank,SVM,Kernel,0.35,0.0,0.0,0.0,5000,44,0.6035999999999999,0.005499090833947013,0.5051835148797392,0.006182320941658634,0.43073822538816736,0.01141155463566608,0.020770830808473348,0.024284888108305012,label_noise,0.35,0.2866000000000001,0.0831717102818279,0.18538918411208488,0.2753031488919092,0.2866000000000001
Bank,MLP,Neural,0.35,0.0,0.0,0.0,5000,42,0.5883999999999999,0.01658432995330232,0.5130036353889196,0.012368932176041167,0.47384158789035935,0.016389969884568176,0.039091985329976195,0.03602842310228771,label_noise,0.35,0.3026000000000001,0.1062040643397314,0.17284509709189688,0.2950830505142886,0.3026000000000001
Bank,MLP,Neural,0.35,0.0,0.0,0.0,5000,43,0.5982000000000001,0.016216041440499603,0.5153559385228592,0.01666432635825508,0.47840366835832865,0.025530848637098123,0.0429312334299638,0.04432375947960055,label_noise,0.35,0.29279999999999995,0.10385176120579176,0.16828301662392758,0.29124380241430103,0.29279999999999995
Bank,MLP,Neural,0.35,0.0,0.0,0.0,5000,44,0.6002,0.005306599664568644,0.5051636488372919,0.003927639792103611,0.4381390236330015,0.015369225600080815,0.018805316696792293,0.01356738976856251,label_noise,0.35,0.29080000000000006,0.11404405089135905,0.20854766134925473,0.3153697191474725,0.29080000000000006
Bank,GB,Boosting,0.35,0.0,0.0,0.0,5000,42,0.5927999999999999,0.010684568311354474,0.5135263272520145,0.009711922773295526,0.46875304330141765,0.012491557192127889,0.04083140961619879,0.028940486496382145,label_noise,0.35,0.3016000000000001,0.1523408117748074,0.22622641577850677,0.36516457002236397,0.3016000000000001
Bank,GB,Boosting,0.35,0.0,0.0,0.0,5000,43,0.6140000000000001,0.00864869932417587,0.5266381255939182,0.009760390967663264,0.4855256192939553,0.01567861886667007,0.08049854603893776,0.02831027500253959,label_noise,0.35,0.28039999999999987,0.13922901343290373,0.2094538397859691,0.325497433599625,0.28039999999999987
Bank,GB,Boosting,0.35,0.0,0.0,0.0,5000,44,0.6005999999999999,0.00821218606705913,0.5102310895712058,0.0063067774469541754,0.45548404784026797,0.003864501353961433,0.03487708959164896,0.02257084616652128,label_noise,0.35,0.29380000000000006,0.15563604945561615,0.23949541123965645,0.3711188900469138,0.29380000000000006
Wine,LR,Linear,0.35,0.0,0.0,0.0,178,42,0.5392063492063492,0.06380399565408153,0.5353646353646353,0.06255602924878367,0.5269450966018472,0.06529297942139738,0.31020640374665737,0.09525627040874785,label_noise,0.35,0.4459259259259257,0.45042019708686387,0.4579273903777533,0.6679118305607217,0.4459259259259257
Wine,LR,Linear,0.35,0.0,0.0,0.0,178,43,0.5949206349206348,0.08275399527477822,0.5931468531468531,0.07792009486879299,0.588890605160382,0.07910323317561989,0.39439339305964166,0.12226628677619163,label_noise,0.35,0.3902116402116401,0.39263797930464606,0.39598188181921845,0.5837248412477374,0.3902116402116401
Wine,LR,Linear,0.35,0.0,0.0,0.0,178,44,0.6066666666666667,0.04055112888586289,0.6031479631479632,0.041917335003308485,0.6016551021858368,0.04247022100969518,0.40981111238902984,0.060173399480038935,label_noise,0.35,0.3784656084656083,0.382636869303536,0.38321738479376366,0.5683071219183493,0.3784656084656083
Wine,RF,Ensemble,0.35,0.0,0.0,0.0,178,42,0.5109523809523809,0.06237994263894604,0.5064380064380065,0.05905995319865788,0.5033551563140402,0.06095082362522388,0.26471863103002446,0.09167283475988412,label_noise,0.35,0.4722222222222223,0.47901172901172895,0.4803755903055954,0.7103590049107719,0.4722222222222223
Wine,RF,Ensemble,0.35,0.0,0.0,0.0,178,43,0.6065079365079364,0.1305582331949083,0.6044289044289044,0.12543405138367236,0.6016786431355463,0.12474670938081615,0.4111412615352073,0.19882827056914018,label_noise,0.35,0.3766666666666668,0.38102083102083106,0.38205210348408924,0.563936374405589,0.3766666666666668
Wine,RF,Ensemble,0.35,0.0,0.0,0.0,178,44,0.601111111111111,0.0732700888554591,0.6013153513153513,0.07496008982719081,0.59584550870308,0.07502947221580478,0.40483200402770725,0.1119899761627748,label_noise,0.35,0.3820634920634922,0.38413438413438417,0.3878852379165556,0.5702456319130891,0.3820634920634922
Wine,XGB,Boosting,0.35,0.0,0.0,0.0,178,42,0.483015873015873,0.07430300978960684,0.4785048285048285,0.07233956859880444,0.47680292830643467,0.07254532778806057,0.22160454751346093,0.1116481541018566,label_noise,0.35,0.4739682539682539,0.4804449871116539,0.48033816329679224,0.7144406052983693,0.4739682539682539
Wine,XGB,Boosting,0.35,0.0,0.0,0.0,178,43,0.5558730158730159,0.09674287401906864,0.5507925407925408,0.09472054606599419,0.548102837961477,0.09306306150457389,0.33308123797565947,0.14826975124003894,label_noise,0.35,0.4011111111111111,0.4081572748239416,0.40903825364174995,0.6029639148361707,0.4011111111111111
Wine,XGB,Boosting,0.35,0.0,0.0,0.0,178,44,0.5334920634920635,0.05861077527281247,0.5264668664668666,0.05653614828057645,0.5216132528063668,0.059693777983809815,0.29863574041453833,0.08729077289546479,label_noise,0.35,0.4234920634920635,0.4324829491496158,0.4355278387968601,0.6374094123972919,0.4234920634920635
Wine,SVM,Kernel,0.35,0.0,0.0,0.0,178,42,0.5504761904761905,0.04066281284788897,0.5487234987234986,0.04120606245915116,0.5467624989074265,0.041108213078464594,0.32465260370599375,0.06248626071130192,label_noise,0.35,0.4326984126984127,0.4332598265931601,0.4360695808133389,0.6503765278248552,0.4326984126984127
Wine,SVM,Kernel,0.35,0.0,0.0,0.0,178,43,0.6401587301587301,0.08676545332186453,0.6374902874902875,0.08312023691875921,0.6321202019644377,0.0851548788184044,0.4621444199687925,0.13042496479193938,label_noise,0.35,0.343015873015873,0.3444930378263712,0.3507118777563276,0.5128847115620564,0.343015873015873
Wine,SVM,Kernel,0.35,0.0,0.0,0.0,178,44,0.6288888888888888,0.04003840434035104,0.6308336108336108,0.04172629777050334,0.6260475370040588,0.04145577905087034,0.4471701527172257,0.05769411746955164,label_noise,0.35,0.3542857142857143,0.3511497144830479,0.35678454271670657,0.5278589788136232,0.3542857142857143
Wine,MLP,Neural,0.35,0.0,0.0,0.0,178,42,0.42079365079365083,0.06725440094866633,0.4324397824397824,0.060010220281960944,0.3896129648146946,0.08685109325542206,0.1480240652781693,0.09159453517128056,label_noise,0.35,0.4986772486772486,0.49130721130721144,0.5313976901288853,0.7349682389451757,0.4986772486772486
Wine,MLP,Neural,0.35,0.0,0.0,0.0,178,43,0.5661904761904761,0.11680814227306655,0.5634032634032634,0.11169650346526207,0.5601740276698685,0.11982473428420712,0.35428473059665394,0.17894462437763456,label_noise,0.35,0.3532804232804233,0.36034373034373046,0.36083662727371135,0.5287075736266911,0.3532804232804233
Wine,MLP,Neural,0.35,0.0,0.0,0.0,178,44,0.5671428571428571,0.06879006883387172,0.5479864579864581,0.0747385718237581,0.4982995522995523,0.10185598319505788,0.3571770067298468,0.11455540810718534,label_noise,0.35,0.3523280423280424,0.3757605357605358,0.4227111026440275,0.5258152974934982,0.3523280423280424
Wine,GB,Boosting,0.35,0.0,0.0,0.0,178,42,0.46571428571428575,0.061094411241193226,0.4603230103230104,0.05900458429129429,0.4565595011537041,0.05812510554794189,0.1954026138963417,0.09144063900333757,label_noise,0.35,0.4650793650793651,0.4685626718960052,0.4753986634225165,0.7032250685297312,0.4650793650793651
Wine,GB,Boosting,0.35,0.0,0.0,0.0,178,43,0.5728571428571428,0.12483741000501367,0.5715229215229216,0.1235499893026076,0.5708763927179321,0.12254714516609748,0.3595239015992846,0.18995146027506385,label_noise,0.35,0.357936507936508,0.35736276069609396,0.3610817718582885,0.5391037808267883,0.357936507936508
Wine,GB,Boosting,0.35,0.0,0.0,0.0,178,44,0.5785714285714285,0.09324096498331838,0.5761471861471861,0.0921650271646158,0.5762784676699196,0.09279990093167159,0.36773679160073636,0.1403354334173652,label_noise,0.35,0.3522222222222223,0.3527384960718295,0.35567969690630097,0.5308908908253366,0.3522222222222223
BreastCancer,LR,Linear,0.35,0.0,0.0,0.0,569,42,0.6361745070641205,0.032946402040189386,0.6055327208252741,0.02766101510385315,0.6019225640924551,0.027005919252328685,0.23630177195375834,0.07982788503491717,label_noise,0.35,0.33924856388759517,0.3653703244922816,0.3715276812796552,0.7116680277302151,0.33924856388759517
BreastCancer,LR,Linear,0.35,0.0,0.0,0.0,569,43,0.6221549448843348,0.015378248694307156,0.6046760037348273,0.017152848759028158,0.6008135274066408,0.01965788210096946,0.22226759703324528,0.03323743306464141,label_noise,0.35,0.3532681260673809,0.36622704158272834,0.3726367179654695,0.7257022026507282,0.3532681260673809
BreastCancer,LR,Linear,0.35,0.0,0.0,0.0,569,44,0.6203384567613724,0.01806771278069214,0.6108466772942492,0.01680404347775837,0.6075432152652877,0.016341750603961643,0.23173398899469105,0.03729102100709474,label_noise,0.35,0.3550846141903432,0.36005636802330643,0.3659070301068227,0.7162358106892823,0.3550846141903432
BreastCancer,RF,Ensemble,0.35,0.0,0.0,0.0,569,42,0.6133519639807482,0.030919352636687776,0.5934880722114764,0.03342270827004069,0.5928836187653765,0.03452915525631717,0.19239490305618528,0.06648118013497145,label_noise,0.35,0.3479997929928067,0.3639987739299718,0.36563483204767266,0.7263034610637364,0.3479997929928067
BreastCancer,RF,Ensemble,0.35,0.0,0.0,0.0,569,43,0.5851265331470269,0.03222578459423195,0.5734267040149393,0.032692519842844846,0.5710216293695642,0.03211389647469223,0.15184900321593864,0.0676109432680749,label_noise,0.35,0.376225223826528,0.38406014212650885,0.38749682144348496,0.766849360903983,0.376225223826528
BreastCancer,RF,Ensemble,0.35,0.0,0.0,0.0,569,44,0.6115820524763236,0.04030585549062719,0.6046658259773013,0.039653031738462775,0.6035356252355573,0.039663207502714994,0.21442230088718678,0.08190592699611147,label_noise,0.35,0.3497697044972313,0.35282102016414685,0.35498282557749194,0.704276063232735,0.3497697044972313
BreastCancer,XGB,Boosting,0.35,0.0,0.0,0.0,569,42,0.583480825958702,0.028560857768573228,0.5688225338491295,0.029102613398297745,0.5683695660182068,0.02954398228989639,0.1392404560056967,0.05883213244452051,label_noise,0.35,0.383718884231227,0.39357688419228,0.3962762335444143,0.7913802519839411,0.383718884231227
BreastCancer,XGB,Boosting,0.35,0.0,0.0,0.0,569,43,0.571075919888216,0.029623917379006312,0.561062558356676,0.03171998184243517,0.5593160445738985,0.0320403576390003,0.12445671586030116,0.06426593144107236,label_noise,0.35,0.39612379030171296,0.40133685968473354,0.4053297549887226,0.8061639921293366,0.39612379030171296
BreastCancer,XGB,Boosting,0.35,0.0,0.0,0.0,569,44,0.5816643378357398,0.04779405646138435,0.5768332579885318,0.046735024767975954,0.5751443524054427,0.04712163896172912,0.1564534707810332,0.09437727911508803,label_noise,0.35,0.3855353723541892,0.3855661600528777,0.3895014471571784,0.7741672372086046,0.3855353723541892
BreastCancer,SVM,Kernel,0.35,0.0,0.0,0.0,569,42,0.6431920509237696,0.03214463881273064,0.6139103803997421,0.02728407975822603,0.612437683358414,0.02662913150203799,0.24943146745417244,0.06982815776503663,label_noise,0.35,0.332220669668271,0.3581851124540213,0.36113396542084775,0.6982708917571671,0.332220669668271
BreastCancer,SVM,Kernel,0.35,0.0,0.0,0.0,569,43,0.6079956528489365,0.02886361898750818,0.5899925303454716,0.02644777415469057,0.5855280979164583,0.024834437721147053,0.19369505480612,0.06059557052982972,label_noise,0.35,0.3674170677431041,0.3821029625082918,0.3880435508628034,0.7540073044052195,0.3674170677431041
BreastCancer,SVM,Kernel,0.35,0.0,0.0,0.0,569,44,0.6360968793665581,0.03529574937170663,0.6262705512860167,0.03367974007043241,0.6233983805636176,0.032690840881495174,0.26559361850521135,0.07439581909618832,label_noise,0.35,0.33931584122548253,0.3458249415677467,0.3501732682156441,0.6821087407061281,0.33931584122548253
BreastCancer,MLP,Neural,0.35,0.0,0.0,0.0,569,42,0.6028877503493246,0.0245673009355536,0.5860130560928434,0.01926612454713883,0.5861333386699777,0.019499099042814688,0.17616981191287368,0.042939237468195515,label_noise,0.35,0.3438130725042694,0.35200553781340205,0.35604711977393,0.7096900827423389,0.3438130725042694
BreastCancer,MLP,Neural,0.35,0.0,0.0,0.0,569,43,0.595730476634063,0.03858695989299264,0.5800410830999065,0.033813657085457555,0.5767250576469622,0.030573975451691507,0.1726844244993232,0.08409399853543073,label_noise,0.35,0.35097034621953105,0.3579775108063389,0.3654554007969455,0.7131754701558893,0.35097034621953105
BreastCancer,MLP,Neural,0.35,0.0,0.0,0.0,569,44,0.6062723179630491,0.018258654949655354,0.598088224797164,0.015327908440932514,0.5939095719761565,0.01590539137844873,0.20496179676306672,0.03388661266711427,label_noise,0.35,0.3404285048905449,0.3399303691090815,0.3482708864677513,0.6808980978921458,0.3404285048905449
BreastCancer,GB,Boosting,0.35,0.0,0.0,0.0,569,42,0.5922217047042385,0.029252852236704183,0.5729005480335267,0.025920901503638637,0.5717262139532109,0.026878324608440026,0.15082382591422666,0.05406303218812955,label_noise,0.35,0.3638461936552295,0.37811564819639365,0.3810281617675597,0.7557872652043638,0.3638461936552295
BreastCancer,GB,Boosting,0.35,0.0,0.0,0.0,569,43,0.576339077782953,0.03411118967980416,0.5678487394957983,0.03117700362708453,0.5667839173296131,0.030686933847108376,0.1387126790420911,0.06455584957995752,label_noise,0.35,0.379728820576515,0.3831674567341221,0.3859704583911575,0.7678984120764993,0.379728820576515
BreastCancer,GB,Boosting,0.35,0.0,0.0,0.0,569,44,0.5728768824716658,0.033859788616740764,0.5693425967784149,0.03422669161207258,0.5683760190220426,0.03428784986397943,0.1397960919555255,0.0689886530742254,label_noise,0.35,0.38319101588780224,0.3816735994515055,0.384378356698728,0.7668149991630648,0.38319101588780224
Digits,LR,Linear,0.35,0.0,0.0,0.0,1797,42,0.5770829464562055,0.016058388075880416,0.5734986352061846,0.015324812357890936,0.5730594295462931,0.01513233470932442,0.14832308302729086,0.031603173011424755,label_noise,0.35,0.3157010213556174,0.31930628675642736,0.31971097907295476,0.6375268366865163,0.3157010213556174
Digits,LR,Linear,0.35,0.0,0.0,0.0,1797,43,0.6082451253481894,0.02786279065831798,0.6081186442500133,0.02789606667092868,0.6077892779441388,0.028101782629990732,0.21660832811086878,0.05578099290830902,label_noise,0.35,0.2845388424636335,0.2846862777125987,0.284981130675109,0.5692415916029383,0.2845388424636335
Digits,LR,Linear,0.35,0.0,0.0,0.0,1797,44,0.5826276694521819,0.012019037852507578,0.5826113803238097,0.011971792443102714,0.5821839665070556,0.012164270060847011,0.16554678795180539,0.02389292711937274,label_noise,0.35,0.310156298359641,0.3101935416388023,0.3105864421121922,0.6203031317620018,0.310156298359641
Digits,RF,Ensemble,0.35,0.0,0.0,0.0,1797,42,0.6043438563912102,0.011474737106100726,0.6002343048711232,0.010707162838591688,0.5996285345384804,0.010360526324128384,0.20294575777569918,0.02262639296334804,label_noise,0.35,0.37339884452697825,0.37750608034881383,0.3781128265386121,0.7526055345444957,0.37339884452697825
Digits,RF,Ensemble,0.35,0.0,0.0,0.0,1797,43,0.6171572268647478,0.016709103459347455,0.6171226848102886,0.01655955903732739,0.6167412979141889,0.01681750241887086,0.23469255670596484,0.03300465060025604,label_noise,0.35,0.36058547405344066,0.36061770040964836,0.3610000631629037,0.72085873561423,0.36058547405344066
Digits,RF,Ensemble,0.35,0.0,0.0,0.0,1797,44,0.5921077065923862,0.01742068210826965,0.5921641100033952,0.017333486291509936,0.5916095999059259,0.01742065492132683,0.18479837753184097,0.034782942670181775,label_noise,0.35,0.3856349943258023,0.3855762752165418,0.38613176117116665,0.7707529147883538,0.3856349943258023
Digits,XGB,Boosting,0.35,0.0,0.0,0.0,1797,42,0.5965490560198081,0.04600900363051272,0.5943561653873634,0.04503533581975951,0.594377057613064,0.04519260722452312,0.18951882358949643,0.09069038929484323,label_noise,0.35,0.373583513875993,0.3757719592804074,0.3757534768071683,0.7508274498414119,0.373583513875993
Digits,XGB,Boosting,0.35,0.0,0.0,0.0,1797,43,0.6143717115444135,0.02074613227786098,0.6143446652362345,0.02067559530961059,0.6140247476077886,0.02067508302426627,0.22909584433121247,0.041524615613332684,label_noise,0.35,0.3557608583513876,0.3557834594315362,0.35610578681244376,0.7112504290996959,0.3557608583513876
Digits,XGB,Boosting,0.35,0.0,0.0,0.0,1797,44,0.5854255648406066,0.006918456254834492,0.5853737426738136,0.006944052976702691,0.5850120874847877,0.006735805132872038,0.17108442416364805,0.014081805415754812,label_noise,0.35,0.3847070050551945,0.3847543819939572,0.3851184469354446,0.7692618492672603,0.3847070050551945
Digits,SVM,Kernel,0.35,0.0,0.0,0.0,1797,42,0.6171340142370784,0.008428468702673391,0.6148170809899793,0.0077971216237651695,0.6143182540964304,0.007599450870308991,0.23109499009277115,0.016343833976516387,label_noise,0.35,0.3635793871866295,0.365900739518884,0.3663938971550016,0.7304140715268489,0.3635793871866295
Digits,SVM,Kernel,0.35,0.0,0.0,0.0,1797,43,0.6438703187867534,0.02317122915224284,0.6438155949465773,0.02316796536849487,0.6434440632771826,0.02335544449618146,0.288219597790405,0.04627454955236322,label_noise,0.35,0.3368430826369545,0.3369022255622861,0.33726808797424934,0.6732894638292151,0.3368430826369545
Digits,SVM,Kernel,0.35,0.0,0.0,0.0,1797,44,0.6165923862581244,0.010117186008050038,0.6166368303548463,0.010126226367322473,0.6162862763500355,0.009992905931336988,0.23368197580430214,0.020457847966119602,label_noise,0.35,0.3641210151655835,0.36408099015401707,0.36442587490139644,0.7278270858153179,0.3641210151655835
Digits,MLP,Neural,0.35,0.0,0.0,0.0,1797,42,0.5959981429897865,0.014206678854000206,0.5935717295326727,0.013936332676536102,0.5936134336039043,0.01394144877185029,0.18774606198751925,0.02815381642965105,label_noise,0.35,0.36764778706282886,0.3700809380736665,0.3700312847107661,0.7396132966535249,0.36764778706282886
Digits,MLP,Neural,0.35,0.0,0.0,0.0,1797,43,0.5943732590529248,0.046038963243605895,0.5940683597184127,0.04599868162383652,0.5931742100578761,0.04604434122036886,0.1891743798843414,0.09234779253200408,label_noise,0.35,0.3692726709996905,0.3695843078879265,0.3704705082567943,0.7381849787567027,0.3692726709996905
Digits,MLP,Neural,0.35,0.0,0.0,0.0,1797,44,0.5709548127514701,0.0209677480718311,0.5709320246509666,0.02099766455020414,0.5704441313195826,0.02101775823152502,0.142189077483162,0.04199410746260907,label_noise,0.35,0.39269111730114525,0.39272064295537257,0.39320058699508775,0.7851702811578821,0.39269111730114525
Digits,GB,Boosting,0.35,0.0,0.0,0.0,1797,42,0.5815242958836274,0.019403603428103156,0.5789204389323466,0.018650394640712668,0.5785914159263958,0.018652012674985577,0.15874425019889743,0.03780702638182325,label_noise,0.35,0.3856401526875064,0.3882395385703884,0.3885702212306582,0.7756857024778832,0.3856401526875064
Digits,GB,Boosting,0.35,0.0,0.0,0.0,1797,43,0.6032342927886103,0.02657166476892626,0.6031430259846416,0.026558162944572566,0.6027526247750536,0.026577685797978062,0.2067419348542885,0.05321174054630579,label_noise,0.35,0.3639301557825235,0.3640169515180933,0.3644090123820004,0.7276880178224922,0.3639301557825235
Digits,GB,Boosting,0.35,0.0,0.0,0.0,1797,44,0.5848638192510058,0.014007529033047009,0.5849201278503108,0.014009679906428174,0.5847612453859284,0.01401907888411986,0.1699385421044834,0.02801515144660416,label_noise,0.35,0.382300629320128,0.3822398496524242,0.3824003917711256,0.7644914105722973,0.382300629320128
Spambase,LR,Linear,0.5,0.0,0.0,0.0,4601,42,0.49206863994712735,0.02197466688992575,0.49194392176498114,0.0219461142468187,0.49085454929282707,0.021833630172992814,-0.01615086984977382,0.04408764756276299,label_noise,0.5,0.4331661395143904,0.42633349451385005,0.43028656765881906,0.8591582304448588,0.4331661395143904
Spambase,LR,Linear,0.5,0.0,0.0,0.0,4601,43,0.4746770995609687,0.006754671216808155,0.47447834897676594,0.006732804260537756,0.47359558796126944,0.006656785896399365,-0.051226410745497906,0.013513930041889562,label_noise,0.5,0.45055767990054907,0.44379906730206525,0.4475455289903767,0.8942337713405829,0.45055767990054907
Spambase,LR,Linear,0.5,0.0,0.0,0.0,4601,44,0.5079374970495208,0.015791429406015023,0.507801413353121,0.015801243946035486,0.5066461559743823,0.015910086910009207,0.015675496395590315,0.031679229803863417,label_noise,0.5,0.41729728241199693,0.4104760029257102,0.4144949609772638,0.8273318641994947,0.41729728241199693
Spambase,RF,Ensemble,0.5,0.0,0.0,0.0,4601,42,0.49662748430345083,0.009091229162392753,0.4966499671170104,0.009136014778300415,0.4960239281927362,0.009328627466850066,-0.006730025951187535,0.01830237873907262,label_noise,0.5,0.4481680278210515,0.4407619977937875,0.4455660413065625,0.890996841423175,0.4481680278210515
Spambase,RF,Ensemble,0.5,0.0,0.0,0.0,4601,43,0.49467827975263184,0.017631855141254864,0.4945158984550802,0.01769483886571552,0.49393054637809275,0.01787783086153477,-0.01102500033217834,0.03543749840277625,label_noise,0.5,0.45011723237187046,0.4428960664557177,0.447659423121206,0.8952918158041658,0.45011723237187046
Spambase,RF,Ensemble,0.5,0.0,0.0,0.0,4601,44,0.49120332341972334,0.021936489758403066,0.4911962025180701,0.02191251337128849,0.491041535023916,0.021918902286180143,-0.017616255757174876,0.0438472694796024,label_noise,0.5,0.45359218870477896,0.4462157623927278,0.45054843447538273,0.9018830712291623,0.45359218870477896
Spambase,XGB,Boosting,0.5,0.0,0.0,0.0,4601,42,0.49119010527309637,0.01911676837588703,0.49116041460047855,0.019099163455686012,0.49089971112157305,0.019001656531731543,-0.017680218406102982,0.038243648368455965,label_noise,0.5,0.45918409416355876,0.4549385642298637,0.45691508794855773,0.9135797019706449,0.45918409416355876
Spambase,XGB,Boosting,0.5,0.0,0.0,0.0,4601,43,0.49576429212104045,0.012190074972988402,0.4956462423268956,0.012245839507517982,0.49527771106797686,0.012521178972907355,-0.008750168817982818,0.024527812415988247,label_noise,0.5,0.4546099073156147,0.45045273650344664,0.4525370880021539,0.9046496523825247,0.4546099073156147
Spambase,XGB,Boosting,0.5,0.0,0.0,0.0,4601,44,0.5025031865174905,0.01517336005363591,0.5024113969639978,0.015185246031561423,0.5020544541978779,0.015152549008385575,0.004835536889012804,0.030417156478685967,label_noise,0.5,0.44787101291916465,0.4436875818663444,0.4457603448722529,0.891063946675529,0.44787101291916465
Spambase,SVM,Kernel,0.5,0.0,0.0,0.0,4601,42,0.49554099985837696,0.019822387174794027,0.4953846197114191,0.019810757768219042,0.49191285315566774,0.021838998900283308,-0.009623909042858656,0.0402459416800056,label_noise,0.5,0.437373522793435,0.4309054102732134,0.43732755075157065,0.8687158543398428,0.437373522793435
Spambase,SVM,Kernel,0.5,0.0,0.0,0.0,4601,43,0.5003285653590143,0.007070296667669715,0.4996064094370832,0.007160240541202216,0.4911268687542997,0.008904599632762045,-0.0009078950383154056,0.014910676591111236,label_noise,0.5,0.4325859572927977,0.4266836205475493,0.4381135351529387,0.8599998403352995,0.4325859572927977
Spambase,SVM,Kernel,0.5,0.0,0.0,0.0,4601,44,0.5151069253646792,0.011588244152887863,0.5148261093300384,0.011448451507297093,0.5103179120055964,0.008522882441339488,0.03055211179561193,0.023690441194567546,label_noise,0.5,0.4178075972871328,0.41146392065459414,0.418922491901642,0.8285398335013722,0.4178075972871328
Spambase,MLP,Neural,0.5,0.0,0.0,0.0,4601,42,0.48272104989850356,0.013733674706312555,0.4828577696439417,0.013859492806062926,0.4787554371061499,0.014530515792390675,-0.03481081692747037,0.027880564342315707,label_noise,0.5,0.45432296338258665,0.44986300733304935,0.4551227208355946,0.9028292402525385,0.45432296338258665
Spambase,MLP,Neural,0.5,0.0,0.0,0.0,4601,43,0.4842397205306142,0.012288524474503895,0.4842607008824342,0.012150551448988108,0.48029248830759935,0.014030227254026082,-0.032068372913723144,0.024524681078172274,label_noise,0.5,0.452804292750476,0.44846007609455685,0.4535856696341451,0.9000867962387913,0.452804292750476
Spambase,MLP,Neural,0.5,0.0,0.0,0.0,4601,44,0.5025076712458103,0.02437956476631258,0.5023273487249375,0.02439311102592003,0.5004119596500576,0.024383802074370534,0.004727486686188487,0.04929195597920522,label_noise,0.5,0.4345363420352799,0.4303934282520536,0.43346619829168687,0.8632909366388797,0.4345363420352799
Spambase,GB,Boosting,0.5,0.0,0.0,0.0,4601,42,0.4931511117405466,0.01030827389936247,0.4931150459043284,0.01030735698476821,0.4926615321307243,0.010438119831497806,-0.013804428560214544,0.020637687524131733,label_noise,0.5,0.454541613558042,0.44987009814550283,0.45229565898936486,0.9040861388964864,0.454541613558042
Spambase,GB,Boosting,0.5,0.0,0.0,0.0,4601,43,0.4853328140490015,0.014927933586278655,0.4851847963949008,0.014957880445943216,0.48468398692350706,0.015295672481843936,-0.02973333873062727,0.030014637721017944,label_noise,0.5,0.4623599112495871,0.45780034765493044,0.4602732041965821,0.920015049066899,0.4623599112495871
Spambase,GB,Boosting,0.5,0.0,0.0,0.0,4601,44,0.4894641929849408,0.01563247458766294,0.4892841118803453,0.015597662149435936,0.48753538064121604,0.014851507976417974,-0.02148282487640108,0.031242653750578556,label_noise,0.5,0.4582285323136478,0.45370103216948593,0.4574218104788731,0.9117645352126729,0.4582285323136478
Bank,LR,Linear,0.5,0.0,0.0,0.0,5000,42,0.502,0.006449806198638846,0.5020188418871085,0.006457527795384509,0.5019271111141481,0.0064784062862670334,0.004037684726939954,0.012916180091388504,label_noise,0.5,0.3941333333333332,0.13962048015991446,0.1747601191610466,0.3816229823816663,0.3941333333333332
Bank,LR,Linear,0.5,0.0,0.0,0.0,5000,43,0.5122000000000001,0.010225458424931382,0.5122424562947423,0.010204953303630797,0.5119834553546326,0.010297258777585933,0.02450182513072483,0.02040518303534392,label_noise,0.5,0.3839333333333331,0.1293968657522807,0.1647037749205621,0.3611588419778814,0.3839333333333331
Bank,LR,Linear,0.5,0.0,0.0,0.0,5000,44,0.4972,0.008423775875461084,0.4966410601630484,0.008278282082870517,0.49546481832110684,0.0077019958307625366,-0.006707963338014234,0.016607459463730382,label_noise,0.5,0.39893333333333325,0.14499826188397463,0.1812224119540879,0.39236863044662046,0.39893333333333325
Bank,RF,Ensemble,0.5,0.0,0.0,0.0,5000,42,0.5024000000000001,0.013047605144240084,0.5024260244691341,0.013080720779263236,0.5022154524673214,0.013197260470440347,0.004842723978619234,0.026191732591499102,label_noise,0.5,0.3935333333333333,0.10103891795390574,0.13522499813428812,0.33798258445213647,0.3935333333333333
Bank,RF,Ensemble,0.5,0.0,0.0,0.0,5000,43,0.5018,0.01457943757488609,0.5017556501464905,0.014583624226656038,0.5014537070601908,0.014670520596717071,0.0035066051740731616,0.029192947279798414,label_noise,0.5,0.39413333333333334,0.10170929227654935,0.1359867435414187,0.33931870325668256,0.39413333333333334
Bank,RF,Ensemble,0.5,0.0,0.0,0.0,5000,44,0.5074,0.014333178293735146,0.5067875572982399,0.014153232606462137,0.5051402292047598,0.013204128890118232,0.013820997729894114,0.028585882556715164,label_noise,0.5,0.3885333333333334,0.09667738512479995,0.13230022139684972,0.3290043107008616,0.3885333333333334
Bank,XGB,Boosting,0.5,0.0,0.0,0.0,5000,42,0.5024,0.014037093716293284,0.5024148482520105,0.014068819645480322,0.502347385644818,0.013992693650818577,0.004837968485649103,0.02815298471829539,label_noise,0.5,0.3933333333333333,0.1619829409475907,0.19293009016915685,0.40420328582572457,0.3933333333333333
Bank,XGB,Boosting,0.5,0.0,0.0,0.0,5000,43,0.504,0.0055856960175075816,0.5039476322931933,0.005588430758080411,0.5035434063145463,0.00570486985579845,0.007904205654790105,0.011192712147840478,label_noise,0.5,0.39173333333333327,0.16045015690640796,0.1917340694994285,0.40113704865658356,0.39173333333333327
Bank,XGB,Boosting,0.5,0.0,0.0,0.0,5000,44,0.5072000000000001,0.009744742172063876,0.5066668258094952,0.009654910944541212,0.5053848574198001,0.009287311879445547,0.013455897518418723,0.01947443315043295,label_noise,0.5,0.3885333333333332,0.15773096339010606,0.1898926183941747,0.3955853567929549,0.3885333333333332
Bank,SVM,Kernel,0.5,0.0,0.0,0.0,5000,42,0.5087999999999999,0.013105723940324714,0.5087777048559354,0.013129292571730261,0.5084718044062817,0.01332418060603431,0.01755742913032601,0.026309007283016186,label_noise,0.5,0.3814000000000001,0.0795775203056317,0.10765560509397054,0.2785165505700566,0.3814000000000001
Bank,SVM,Kernel,0.5,0.0,0.0,0.0,5000,43,0.5028,0.008818163074019449,0.5028228091504022,0.008794900730909553,0.5026997591206647,0.008796055151521213,0.005649117902083628,0.01759727018946268,label_noise,0.5,0.38739999999999997,0.0855324160111649,0.11342765037958757,0.29042486179829896,0.38739999999999997
Bank,SVM,Kernel,0.5,0.0,0.0,0.0,5000,44,0.4936,0.014347125147568775,0.49329778392378926,0.014367075894772527,0.4928664904023452,0.014488120921293247,-0.013443695256957596,0.02884582007695073,label_noise,0.5,0.3966,0.09505744123777787,0.12326091909790704,0.30951767495734017,0.3966
Bank,MLP,Neural,0.5,0.0,0.0,0.0,5000,42,0.5007999999999999,0.010796295661012633,0.5007096623308012,0.010867930164232625,0.4963895816843117,0.014115201525243586,0.0011787804646460163,0.022103918661992357,label_noise,0.5,0.3902000000000001,0.11849803739784981,0.15029710329794455,0.3329962553796188,0.3902000000000001
Bank,MLP,Neural,0.5,0.0,0.0,0.0,5000,43,0.5092000000000001,0.016845177351396467,0.5092048225726623,0.016799850351915623,0.508810463948818,0.016759370259827825,0.018449867177329538,0.03364772909512836,label_noise,0.5,0.3817999999999999,0.11000287715598867,0.13787622103343822,0.3157251686669353,0.3817999999999999
Bank,MLP,Neural,0.5,0.0,0.0,0.0,5000,44,0.49700000000000005,0.01322119510483074,0.4967172253222506,0.013370216358701238,0.49585630997548585,0.01426714069451688,-0.006686084590033896,0.02694383344071333,label_noise,0.5,0.39399999999999996,0.12249047440640037,0.15083037500677038,0.3408611204342987,0.39399999999999996
Bank,GB,Boosting,0.5,0.0,0.0,0.0,5000,42,0.5050000000000001,0.021540659228538036,0.5050488592488619,0.021549740426745314,0.5047004181689994,0.02168270193668677,0.010088819313200584,0.04313652033450035,label_noise,0.5,0.38939999999999986,0.16081827977796004,0.19027904091092507,0.39590716032536216,0.38939999999999986
Bank,GB,Boosting,0.5,0.0,0.0,0.0,5000,43,0.5122,0.016265300489077983,0.512111619166008,0.016298499387302875,0.5114713238642952,0.016365328661172976,0.024286392616080767,0.03274778755353215,label_noise,0.5,0.3822,0.15375551986081393,0.18350813521562925,0.381709587022482,0.3822
Bank,GB,Boosting,0.5,0.0,0.0,0.0,5000,44,0.49800000000000005,0.00841427358718506,0.4974163374795498,0.008451163987977019,0.49584432027250075,0.00884956391213335,-0.005223233103331457,0.017069871961015542,label_noise,0.5,0.3963999999999999,0.16845080154727216,0.19913513880742367,0.4112192127418942,0.3963999999999999
Wine,LR,Linear,0.5,0.0,0.0,0.0,178,42,0.42174603174603176,0.043381855501433905,0.42237762237762244,0.04320110345267598,0.421346749329337,0.046543330259671604,0.1339952992702281,0.06630842734469505,label_noise,0.5,0.5633862433862432,0.5634072100738767,0.5635257376502635,0.844122935037151,0.5633862433862432
Wine,LR,Linear,0.5,0.0,0.0,0.0,178,43,0.4496825396825397,0.060774376322051536,0.4428904428904429,0.06263651414857697,0.4310549091464361,0.06504297250172952,0.17087420002395529,0.09355121598305016,label_noise,0.5,0.5354497354497353,0.5428943895610563,0.5538175778331644,0.8072440342834238,0.5354497354497353
Wine,LR,Linear,0.5,0.0,0.0,0.0,178,44,0.443968253968254,0.054902281546602635,0.4404040404040404,0.055534007264142586,0.4367420370120598,0.05876359855362068,0.16658912820147942,0.08247243243741412,label_noise,0.5,0.541164021164021,0.5453807920474587,0.5481304499675407,0.8115291061058997,0.541164021164021
Wine,RF,Ensemble,0.5,0.0,0.0,0.0,178,42,0.39920634920634923,0.04373008671097114,0.39813519813519815,0.045162497592973506,0.39384866507805044,0.04526671533401603,0.09779266576393553,0.06411119925491468,label_noise,0.5,0.583968253968254,0.5873145373145373,0.5898820815415851,0.8772849701768608,0.583968253968254
Wine,RF,Ensemble,0.5,0.0,0.0,0.0,178,43,0.42698412698412697,0.051432000669522276,0.41930069930069935,0.04807651354082984,0.4139917524179804,0.04329801983511157,0.13654806642854106,0.07483240707579879,label_noise,0.5,0.5561904761904763,0.5661490361490361,0.5697389942016551,0.8385295695122552,0.5561904761904763
Wine,RF,Ensemble,0.5,0.0,0.0,0.0,178,44,0.48428571428571426,0.09395618755646767,0.4834110334110334,0.09258181900399151,0.4806067137371485,0.08998112704873155,0.22819286689664517,0.14418830065553723,label_noise,0.5,0.498888888888889,0.502038702038702,0.5031240328824871,0.7468847690441511,0.498888888888889
Wine,XGB,Boosting,0.5,0.0,0.0,0.0,178,42,0.3933333333333333,0.03654794219390773,0.39079254079254083,0.03631624662259602,0.38583089917633173,0.03737715411897467,0.08920144765997697,0.05432439682360068,label_noise,0.5,0.5636507936507936,0.5681572748239416,0.5713101924268952,0.8468437051518533,0.5636507936507936
Wine,XGB,Boosting,0.5,0.0,0.0,0.0,178,43,0.3817460317460317,0.049756271674279075,0.3804972804972805,0.04662444941654962,0.37015985745415153,0.04242896913909531,0.07356741007096992,0.07577628145403133,label_noise,0.5,0.5752380952380952,0.5784525351192019,0.5869812341490754,0.8624777427408603,0.5752380952380952
Wine,XGB,Boosting,0.5,0.0,0.0,0.0,178,44,0.4498412698412698,0.04364184612481649,0.4502719502719503,0.043376029230243536,0.44431854565187895,0.042232236789466956,0.1749048606760826,0.06759395638410007,label_noise,0.5,0.5071428571428571,0.5086778653445321,0.512822545951348,0.7611402921357476,0.5071428571428571
Wine,SVM,Kernel,0.5,0.0,0.0,0.0,178,42,0.3987301587301587,0.02461904250202068,0.40167055167055166,0.02467739054907549,0.39322265653893956,0.015549800936948764,0.10204000501029682,0.03970721243670183,label_noise,0.5,0.5844444444444444,0.580312773646107,0.5896094231818259,0.872989126520552,0.5844444444444444
Wine,SVM,Kernel,0.5,0.0,0.0,0.0,178,43,0.45555555555555555,0.08091346714878052,0.4485159285159285,0.08590115002845056,0.44325792501292993,0.08817440213961769,0.17613961142818213,0.13025633305394327,label_noise,0.5,0.5276190476190477,0.5334673968007302,0.5395741547078354,0.7988895201026668,0.5276190476190477
Wine,SVM,Kernel,0.5,0.0,0.0,0.0,178,44,0.45,0.06754150110397443,0.4494949494949495,0.06893238492223833,0.44124407038350066,0.06676714871836392,0.17624954994958777,0.10409277704672638,label_noise,0.5,0.5331746031746032,0.5324883758217092,0.5415880093372647,0.7987795815812612,0.5331746031746032
Wine,MLP,Neural,0.5,0.0,0.0,0.0,178,42,0.3371428571428571,0.05906255144863859,0.341958041958042,0.06097656854575457,0.2935523035542011,0.05294316048123367,0.013307201238755414,0.09766077783190291,label_noise,0.5,0.5823280423280424,0.5817889517889518,0.6274583513893788,0.8696851029845896,0.5823280423280424
Wine,MLP,Neural,0.5,0.0,0.0,0.0,178,43,0.3704761904761905,0.06304884987369369,0.3732167832167833,0.06936928126814458,0.3443137540516281,0.052089717142082236,0.06866182073526861,0.1156703322749791,label_noise,0.5,0.5489947089947089,0.5505302105302106,0.5766969008919517,0.8143304834880764,0.5489947089947089
Wine,MLP,Neural,0.5,0.0,0.0,0.0,178,44,0.42079365079365083,0.05734619905215517,0.4093628593628593,0.06699504183539833,0.3519148421846219,0.07295517308141959,0.129706963969637,0.10332980625942871,label_noise,0.5,0.4986772486772486,0.5143841343841346,0.5690958127589579,0.753285340253708,0.4986772486772486
Wine,GB,Boosting,0.5,0.0,0.0,0.0,178,42,0.3933333333333333,0.0816829776853012,0.3907925407925408,0.0841584925771705,0.37858205908873954,0.08927602718179495,0.08714079292593015,0.12821840774849186,label_noise,0.5,0.5374603174603175,0.5380931414264748,0.5533761054874811,0.8114868895001428,0.5374603174603175
Wine,GB,Boosting,0.5,0.0,0.0,0.0,178,43,0.3425396825396826,0.07107425348670478,0.34013986013986014,0.0734090555193709,0.3360932647468791,0.07343100935810987,0.006127007364441902,0.11258344600553774,label_noise,0.5,0.5882539682539683,0.5887458220791555,0.5958648998293414,0.892500675061631,0.5882539682539683
Wine,GB,Boosting,0.5,0.0,0.0,0.0,178,44,0.3988888888888889,0.02074209044307254,0.3981740481740482,0.028424425894557074,0.3961553495802161,0.024476803160562437,0.0972540388023607,0.03716445184407317,label_noise,0.5,0.5319047619047619,0.5307116340449674,0.5358028149960046,0.8013736436237122,0.5319047619047619
BreastCancer,LR,Linear,0.5,0.0,0.0,0.0,569,42,0.5272628473839467,0.027547986371607713,0.5186468822673586,0.025335027890132835,0.5126061676406369,0.021799834892333093,0.040183696600534266,0.05326806875031996,label_noise,0.5,0.44816022356776897,0.4522561630501971,0.4608440777314734,0.9077861030834392,0.44816022356776897
BreastCancer,LR,Linear,0.5,0.0,0.0,0.0,569,43,0.5166899549759354,0.028340127776223512,0.5171938466856798,0.028832613818303935,0.5152931497467474,0.02780861598041403,0.03485432876084885,0.05851317782728285,label_noise,0.5,0.45873311597578026,0.45370919863187587,0.4581570956253629,0.9131154709231246,0.45873311597578026
BreastCancer,LR,Linear,0.5,0.0,0.0,0.0,569,44,0.4975159136780003,0.05663888324512636,0.4973684210526315,0.056413807687064985,0.4941583609515681,0.05829823675613449,-0.005908802047260342,0.11467362087039232,label_noise,0.5,0.47790715727371536,0.47353462426492415,0.4792918844205422,0.9538786017312337,0.47790715727371536
BreastCancer,RF,Ensemble,0.5,0.0,0.0,0.0,569,42,0.5078248719142989,0.025912511488953797,0.5004501609558831,0.027027006043171386,0.49588224966219946,0.028962657256240563,0.0005548582826342102,0.05604323179495448,label_noise,0.5,0.453526885059256,0.45703668518556506,0.46263620115084975,0.9181435058372874,0.453526885059256
BreastCancer,RF,Ensemble,0.5,0.0,0.0,0.0,569,43,0.5097189877348238,0.022696108587056188,0.5102065508599083,0.022370633324524485,0.5063057450576764,0.02555464808754516,0.020191393933413904,0.044926596247687016,label_noise,0.5,0.4516327692387311,0.4472802952815399,0.45221270575537276,0.8985069701865078,0.4516327692387311
BreastCancer,RF,Ensemble,0.5,0.0,0.0,0.0,569,44,0.5079024996118615,0.026079782603251993,0.5079573934837093,0.02607269266600857,0.5075049137078442,0.025993246778782016,0.015963885362775678,0.052215587279121935,label_noise,0.5,0.4534492573616934,0.4495294526577389,0.451013537105205,0.902734478757146,0.4534492573616934
BreastCancer,XGB,Boosting,0.5,0.0,0.0,0.0,569,42,0.532386275423071,0.04531860571608376,0.5278261218224102,0.04503487187451883,0.5264103152665257,0.04463665570268694,0.056725940229493454,0.0910633077759613,label_noise,0.5,0.43481343476685796,0.4345732962189993,0.4382354842960954,0.8738947677601443,0.43481343476685796
BreastCancer,XGB,Boosting,0.5,0.0,0.0,0.0,569,43,0.48857320291880135,0.028506869221503188,0.48896162820845224,0.02821098691085147,0.4861372683162723,0.029838550263348553,-0.022588160389127476,0.05686322789840483,label_noise,0.5,0.47862650727112765,0.47343778983295726,0.4785085312463488,0.9532088683787653,0.47862650727112765
BreastCancer,XGB,Boosting,0.5,0.0,0.0,0.0,569,44,0.49192671945350097,0.05283088109979727,0.49191729323308275,0.05284759940988016,0.4896423465253994,0.053170401427462016,-0.01640013244086677,0.1058819515502746,label_noise,0.5,0.47527299073642804,0.47048212480832674,0.4750034530372217,0.9470208404305046,0.47527299073642804
BreastCancer,SVM,Kernel,0.5,0.0,0.0,0.0,569,42,0.504424778761062,0.024526569016011662,0.49134206275561054,0.02383566422878923,0.4725304878186865,0.020481591983180603,-0.017396366020158312,0.053460397914677535,label_noise,0.5,0.4709879418309787,0.48075343009815286,0.5010411609605752,0.9650987252314978,0.4709879418309787
BreastCancer,SVM,Kernel,0.5,0.0,0.0,0.0,569,43,0.5342182890855457,0.0472659592234582,0.5346448016593207,0.04705071145600578,0.5331709898997687,0.04799350629390834,0.0693292190324327,0.09411298305881065,label_noise,0.5,0.44119443150649496,0.4374506911944427,0.440400658879493,0.8783731401789068,0.44119443150649496
BreastCancer,SVM,Kernel,0.5,0.0,0.0,0.0,569,44,0.5043160999844745,0.026721866571487257,0.5043546365914786,0.026658247323546574,0.502690446329104,0.026576434338786682,0.008815989117861227,0.053432288363996015,label_noise,0.5,0.4710966206075662,0.4677408562622848,0.47088120245015774,0.9388863700934783,0.4710966206075662
BreastCancer,MLP,Neural,0.5,0.0,0.0,0.0,569,42,0.5184132898618227,0.053963130561764376,0.5122811057268217,0.04766118623176393,0.5000656438326697,0.038780463830201985,0.034481090476625266,0.10630679816185198,label_noise,0.5,0.42828753299177136,0.4257374881794237,0.442114814611238,0.8513788041785872,0.42828753299177136
BreastCancer,MLP,Neural,0.5,0.0,0.0,0.0,569,43,0.5237696009936346,0.02775992514275371,0.5236863711001642,0.02784509453718177,0.5200358037701276,0.02873069842445195,0.047983333577542704,0.056003867514067884,label_noise,0.5,0.42293122185995946,0.4143322228060812,0.42214465467378015,0.8378765610776698,0.42293122185995946
BreastCancer,MLP,Neural,0.5,0.0,0.0,0.0,569,44,0.5254618848004968,0.02636339927925755,0.5251879699248121,0.026495389045418576,0.5145959665929422,0.03159943128448858,0.0517449628196467,0.05485988044248058,label_noise,0.5,0.4212389380530972,0.41283062398143333,0.4275844918509656,0.8341149318355658,0.4212389380530972
BreastCancer,GB,Boosting,0.5,0.0,0.0,0.0,569,42,0.5447756559540444,0.02452545844872112,0.5398904812638188,0.024970350626759726,0.5387070867277493,0.024887961533890373,0.08082140276250545,0.05077942812271809,label_noise,0.5,0.4112922424054236,0.4111257149661016,0.41404728899302135,0.8257896883560849,0.4112922424054236
BreastCancer,GB,Boosting,0.5,0.0,0.0,0.0,569,43,0.5044403043005745,0.036419169785297544,0.504663598651802,0.03639136789745656,0.5026466171651073,0.03651020641890396,0.009386004470389392,0.07287570359669347,label_noise,0.5,0.4516275940588935,0.4463525975781184,0.4501077585556633,0.897225086648201,0.4516275940588935
BreastCancer,GB,Boosting,0.5,0.0,0.0,0.0,569,44,0.4849712777519019,0.0403076495501489,0.48505639097744363,0.04019944849839365,0.48411608515442534,0.04050348089268274,-0.030046040384548493,0.08071507864920768,label_noise,0.5,0.47109662060756613,0.46595980525247677,0.46863829056634526,0.9366571315031389,0.47109662060756613
Digits,LR,Linear,0.5,0.0,0.0,0.0,1797,42,0.47691736304549676,0.03706092022412204,0.47246376497073134,0.03687373197392694,0.4693699301105429,0.03686789292206679,-0.05593607153888018,0.07461556551872078,label_noise,0.5,0.41586660476632614,0.4203411569918806,0.42340047850870494,0.8417859912526873,0.41586660476632614
Digits,LR,Linear,0.5,0.0,0.0,0.0,1797,43,0.5047369235530796,0.013021371860547068,0.501037501951435,0.012586699123491307,0.49839556140680347,0.011973255477472017,0.002227467515904192,0.02568653307750314,label_noise,0.5,0.38804704425874326,0.3917674200111769,0.39437484721244437,0.7836224521979029,0.38804704425874326
Digits,LR,Linear,0.5,0.0,0.0,0.0,1797,44,0.5035809346951409,0.03451121952960467,0.5029282823548592,0.03454304766902044,0.501644952258881,0.03491690967594695,0.005819175474850368,0.06943173410074782,label_noise,0.5,0.38920303311668203,0.38987663960775276,0.3911254563603669,0.7800307442389568,0.38920303311668203
Digits,RF,Ensemble,0.5,0.0,0.0,0.0,1797,42,0.5130671618693903,0.019596395100963226,0.5084610855028053,0.020133319158381534,0.5051175347093946,0.020954606797099068,0.017157575142451274,0.041043113134088295,label_noise,0.5,0.4646755390487982,0.46927929971713167,0.47262382636769795,0.9383937171777436,0.4646755390487982
Digits,RF,Ensemble,0.5,0.0,0.0,0.0,1797,43,0.4908325595790776,0.020913207971790564,0.48738016865691,0.020354722398373673,0.48529588093537396,0.019595406430555618,-0.025365034804118013,0.04121753898699521,label_noise,0.5,0.48691014133911087,0.49036021656302703,0.4924454801417186,0.9809163271243129,0.48691014133911087
Digits,RF,Ensemble,0.5,0.0,0.0,0.0,1797,44,0.5047276385020117,0.040829555591866046,0.5039669670886676,0.04066081075698712,0.502948454358517,0.040314076446033194,0.00816418715471287,0.08165305586705023,label_noise,0.5,0.47301506241617675,0.4737734181312694,0.47479290671857555,0.947387105165482,0.47301506241617675
Digits,XGB,Boosting,0.5,0.0,0.0,0.0,1797,42,0.4913695450324977,0.032606061474009455,0.4884057310520239,0.03286218607713419,0.4873003589438201,0.03307586255839517,-0.023398081710071073,0.06627924474652075,label_noise,0.5,0.4787630248633034,0.48172239361574687,0.4828301754764122,0.9637443551409794,0.4787630248633034
Digits,XGB,Boosting,0.5,0.0,0.0,0.0,1797,43,0.5080625193438564,0.025214216799026,0.5062741614121247,0.0243489754114999,0.5053957683112545,0.02388843926632761,0.012832938376644076,0.04913703525133227,label_noise,0.5,0.4620700505519447,0.4638539632556461,0.4647347661089778,0.9275133350542643,0.4620700505519447
Digits,XGB,Boosting,0.5,0.0,0.0,0.0,1797,44,0.5030795419374806,0.018316063236041923,0.5025132012333319,0.01818953502451119,0.5021124484704744,0.018065496474653366,0.005071380841239056,0.036481088823133875,label_noise,0.5,0.4670530279583205,0.4676149234344389,0.4680180859497579,0.9352748925896693,0.4670530279583205
Digits,SVM,Kernel,0.5,0.0,0.0,0.0,1797,42,0.49640049520272356,0.03002569411426663,0.4895026924890984,0.02971290708877513,0.48030002458284426,0.030118628986779035,-0.021833663410736844,0.0614864750246448,label_noise,0.5,0.48431290622098433,0.49121512801976497,0.5004121266685877,0.9833427250303569,0.48431290622098433
Digits,SVM,Kernel,0.5,0.0,0.0,0.0,1797,43,0.5169715258433921,0.013397646968975828,0.5130222900189719,0.013066210480628495,0.5100627816483224,0.013053436315770469,0.02660318268816251,0.026650336741838507,label_noise,0.5,0.46374187558031577,0.46769553048989143,0.47064936960310955,0.9349058789314575,0.46374187558031577
Digits,SVM,Kernel,0.5,0.0,0.0,0.0,1797,44,0.5163943051686785,0.03184700869859385,0.5149989430084595,0.03128982705001302,0.511064062283759,0.029398947817830104,0.031356461187843854,0.06407796531464299,label_noise,0.5,0.46431909625502943,0.46571887750040386,0.46964808896767296,0.9301526004317762,0.46431909625502943
Digits,MLP,Neural,0.5,0.0,0.0,0.0,1797,42,0.5075007737542556,0.037322327502036484,0.5035309802627962,0.03762789230866754,0.500914026319458,0.03859684348988567,0.007011774287636283,0.0768148610544961,label_noise,0.5,0.4561451562983597,0.460121687343543,0.46273069199521233,0.9203475843534078,0.4561451562983597
Digits,MLP,Neural,0.5,0.0,0.0,0.0,1797,43,0.5130671618693902,0.01126875934186487,0.5068675299727197,0.010638935459516611,0.4990183014967887,0.00999877135245046,0.014504771972452512,0.022400138201874004,label_noise,0.5,0.4505787681832252,0.4567851376336195,0.46462641681788164,0.9128545866685916,0.4505787681832252
Digits,MLP,Neural,0.5,0.0,0.0,0.0,1797,44,0.495255338904364,0.02487703293809623,0.4937908969792826,0.02545757074693141,0.488406228063116,0.027202734854583105,-0.01305590003473936,0.05148453130246641,label_noise,0.5,0.4683905911482513,0.4698617706270566,0.47523849025155435,0.9404152586757835,0.4683905911482513
Digits,GB,Boosting,0.5,0.0,0.0,0.0,1797,42,0.5074976787372331,0.026772820367545008,0.5045715889592033,0.02635378139191018,0.5037308698594323,0.026011094295009394,0.00937662622757362,0.05318559212256664,label_noise,0.5,0.45966676983390076,0.4625883885435317,0.4634307672976218,0.925053326449207,0.45966676983390076
Digits,GB,Boosting,0.5,0.0,0.0,0.0,1797,43,0.5024976787372331,0.012117407072206229,0.5008418292421553,0.01257636130839709,0.5003010913812269,0.012871876760372145,0.001638955034291565,0.025239354010578717,label_noise,0.5,0.46466676983390076,0.4663181482605797,0.46686054577582714,0.9327909976424891,0.46466676983390076
Digits,GB,Boosting,0.5,0.0,0.0,0.0,1797,44,0.5186660476632621,0.028133344073352388,0.5184083936115751,0.0282698025072955,0.5181514303248973,0.028500140322119255,0.0367968605923225,0.05657244720012095,label_noise,0.5,0.44849840090787174,0.4487515838911599,0.44901020683215676,0.8976330920844582,0.44849840090787174
Spambase,LR,Linear,0.0,0.05,0.0,0.0,4601,42,0.9165392059670492,0.003197023895228685,0.9082584644072872,0.006323613947689043,0.9117653250793045,0.0039309200038560995,0.824780055991976,0.006937489061740611,missing,0.05,0.00869557349446859,0.010018951871544002,0.00937579187234161,0.01822730460310895,0.00869557349446859
Spambase,LR,Linear,0.0,0.05,0.0,0.0,4601,43,0.9239312184298729,0.005343474832029695,0.9162102094239246,0.007449873848926578,0.9196277258874845,0.005922525970038994,0.8402143488657586,0.011247566051202468,missing,0.05,0.001303561031644862,0.002067206854906578,0.0015133910641615955,0.0027930117293263335,0.001303561031644862
Spambase,LR,Linear,0.0,0.05,0.0,0.0,4601,44,0.919800311570599,0.006349349604186755,0.9123164634036165,0.006407584817622088,0.9153777142574947,0.006623584701979869,0.8314093788244555,0.013318039307203171,missing,0.05,0.005434467890918726,0.005960952875214698,0.005763402694151432,0.011597981770629429,0.005434467890918726
Spambase,RF,Ensemble,0.0,0.05,0.0,0.0,4601,42,0.9397962989189445,0.0026121219592473467,0.9320918081941822,0.0029170600365620303,0.9363109397558483,0.0027525630437303743,0.8736976382214333,0.005518998994661479,missing,0.05,0.004999213205557851,0.005320156716615676,0.005279029743450403,0.010569177250554174,0.004999213205557851
Spambase,RF,Ensemble,0.0,0.05,0.0,0.0,4601,43,0.940666336213001,0.010633299740635373,0.9331094069247723,0.012767145813792177,0.9372040432648732,0.011468276397068525,0.8755220752833924,0.02224909303868641,missing,0.05,0.004129175911501304,0.004302557986025635,0.0043859262344255745,0.008744740188595057,0.004129175911501304
Spambase,RF,Ensemble,0.0,0.05,0.0,0.0,4601,44,0.9384919510928574,0.00956307835034254,0.9305412742583986,0.010704623756322805,0.9348915744323776,0.01019136870521804,0.8709019918127844,0.020091681920149578,missing,0.05,0.0063035610316448665,0.006870690652399314,0.006698395066921159,0.013364823659203107,0.0063035610316448665
Spambase,XGB,Boosting,0.0,0.05,0.0,0.0,4601,42,0.9469690317707595,0.004516281761700937,0.9424456504026606,0.005511947396313022,0.9442340850428923,0.004838569135160413,0.8887471698856111,0.009621875801425792,missing,0.05,0.003405167665895603,0.0036533284276816236,0.003580714027238474,0.007152313678930766,0.003405167665895603
Spambase,XGB,Boosting,0.0,0.05,0.0,0.0,4601,43,0.9458799509040267,0.008549809664899771,0.941461489201634,0.01123500483877367,0.9430669627786645,0.009274117895963803,0.8865720543645293,0.01793221108367883,missing,0.05,0.004494248532628475,0.004637489628708247,0.004747836291466245,0.009327429200012505,0.004494248532628475
Spambase,XGB,Boosting,0.0,0.05,0.0,0.0,4601,44,0.9454472926403248,0.007443555573303318,0.9409058722927188,0.008109560973168846,0.9426471015150085,0.007837132016523305,0.8854842457504597,0.015627108043857824,missing,0.05,0.004926906796330344,0.005193106537623393,0.005167697555122253,0.010415237814082157,0.004926906796330344
Spambase,SVM,Kernel,0.0,0.05,0.0,0.0,4601,42,0.9297996034556011,0.0063760518595369475,0.922205540287379,0.006166984667223136,0.9258401227370022,0.0066361913574931606,0.8524944429684904,0.013488042330477963,missing,0.05,0.0031149191962108747,0.004084489697253502,0.0034002811702361635,0.006597502328493654,0.0031149191962108747
Spambase,SVM,Kernel,0.0,0.05,0.0,0.0,4601,43,0.9289302742765425,0.009068113505089178,0.9212066448191469,0.010651557334115297,0.9248738156350423,0.009751861545097988,0.8506516549585882,0.019043184611160096,missing,0.05,0.00398424837526945,0.0050833851654855655,0.004366588272196048,0.008440290338395884,0.00398424837526945
Spambase,SVM,Kernel,0.0,0.05,0.0,0.0,4601,44,0.9293643487702402,0.00849280494289063,0.9214670401094924,0.008609894163593581,0.9253325837188594,0.00888470382832983,0.8516126636898733,0.017881103944658736,missing,0.05,0.00355017388157175,0.004822989875140071,0.003907820188378985,0.007479281607110755,0.00355017388157175
Spambase,MLP,Neural,0.0,0.05,0.0,0.0,4601,42,0.9352332058726338,0.004716128309528333,0.9315038683057439,0.0061692015557457324,0.9320779707468855,0.005095828345824257,0.8643012440719158,0.01020575722825871,missing,0.05,0.0018108074084564052,0.00121690867124713,0.001800187194858971,0.003717179253152403,0.0018108074084564052
Spambase,MLP,Neural,0.0,0.05,0.0,0.0,4601,43,0.9300146343766228,0.011762524520108451,0.9247121370457627,0.0140087206322067,0.9263748233694413,0.01259906671429978,0.8530630813500035,0.024906435427944552,missing,0.05,0.00702937890446742,0.008008639931228356,0.007503334572303122,0.014955341975064651,0.00702937890446742
Spambase,MLP,Neural,0.0,0.05,0.0,0.0,4601,44,0.9297988953406033,0.0045741425913038945,0.924812283701403,0.004522582735223684,0.9262478231758514,0.004738604659888718,0.8526498377728977,0.009513295002759213,missing,0.05,0.007245117940486878,0.007908493275588069,0.007630334765893032,0.015368585552170466,0.007245117940486878
Spambase,GB,Boosting,0.0,0.05,0.0,0.0,4601,42,0.9452289571826465,0.0036812774454342573,0.940141074539705,0.005446648072556467,0.9423388489315826,0.004074069189253974,0.885064984482477,0.007867498080732767,missing,0.05,0.0024637681159420666,0.002844069510126279,0.0026183421885065394,0.005216725853794846,0.0024637681159420666
Spambase,GB,Boosting,0.0,0.05,0.0,0.0,4601,43,0.9460982863617053,0.007798395274611683,0.9407718645411853,0.009863828260179605,0.9432037807063729,0.008404645718762293,0.886968621506675,0.016266397699117773,missing,0.05,0.001594438936883269,0.0022132795086459156,0.0017534104137162387,0.0033130888295967997,0.001594438936883269
Spambase,GB,Boosting,0.0,0.05,0.0,0.0,4601,44,0.9456649199830054,0.006549464522824042,0.9406056611062665,0.0076057055856848825,0.9428058494287177,0.006953149601807048,0.8859093528433817,0.013781704038350757,missing,0.05,0.00202780531558322,0.0023794829435647147,0.0021513416913714334,0.004372357492890111,0.00202780531558322
Bank,LR,Linear,0.0,0.05,0.0,0.0,5000,42,0.8942,0.007547184905645289,0.6323886130228147,0.01812987664430171,0.6666378144893281,0.0233270113609194,0.3678474803799158,0.049457895284071095,missing,0.05,0.0019333333333332314,0.009250709024208326,0.0100494157858666,0.017813186728690422,0.0019333333333332314
Bank,LR,Linear,0.0,0.05,0.0,0.0,5000,43,0.8958,0.006615134163416496,0.6384847692888463,0.02395086821919265,0.6730120868406703,0.02733282791998217,0.3798095204448829,0.050639477001507734,missing,0.05,0.0003333333333331856,0.0031545527581766653,0.003675143434524464,0.005851146663723328,0.0003333333333331856
Bank,LR,Linear,0.0,0.05,0.0,0.0,5000,44,0.8958,0.003655133376499416,0.6332946152878203,0.005997472897475701,0.6689529297034047,0.007853226567774688,0.3758652708057859,0.01935113282965238,missing,0.05,0.0003333333333331856,0.008344706759202736,0.0077343005717900315,0.009795396302820336,0.0003333333333331856
Bank,RF,Ensemble,0.0,0.05,0.0,0.0,5000,42,0.8958,0.002039607805437116,0.5977049878522133,0.014445649077825801,0.6305753058557172,0.017574134940418016,0.33720184760803557,0.02402411485128124,missing,0.05,0.00013333333333331865,0.005759954570826564,0.006865144745892282,0.005623460822720139,0.00013333333333331865
Bank,RF,Ensemble,0.0,0.05,0.0,0.0,5000,43,0.8926000000000001,0.006829348431585555,0.5892199281780256,0.02052233041975882,0.6183795661225439,0.027693186443080466,0.31000770671855715,0.05729453343341804,missing,0.05,0.0033333333333332993,0.014245014245014231,0.01906088447906562,0.03281760171219855,0.0033333333333332993
Bank,RF,Ensemble,0.0,0.05,0.0,0.0,5000,44,0.8938,0.002561249694973142,0.585450726447329,0.01669419128626981,0.6139594316859558,0.022625834380566128,0.3116686649851531,0.0314224290630146,missing,0.05,0.0021333333333333204,0.018014215975710846,0.023481018915653684,0.031156643445602594,0.0021333333333333204
Bank,XGB,Boosting,0.0,0.05,0.0,0.0,5000,42,0.8907999999999999,0.008084553172563102,0.6512239742137816,0.020036452337973687,0.6799778732079679,0.02403454529760268,0.37759800092759244,0.04929422512354207,missing,0.05,0.004933333333333345,0.013173814985819599,0.015299602606006935,0.03144325338378123,0.004933333333333345
Bank,XGB,Boosting,0.0,0.05,0.0,0.0,5000,43,0.8928,0.006046486583132395,0.6471663230440127,0.022815039806329058,0.6778012286937951,0.024208522101467907,0.3790409397205476,0.04505039989218738,missing,0.05,0.0029333333333332323,0.01723146615558857,0.0174762471201797,0.030000314590826083,0.0029333333333332323
Bank,XGB,Boosting,0.0,0.05,0.0,0.0,5000,44,0.8944000000000001,0.00793977329651169,0.6525210287384693,0.023227059333118676,0.6841616203227143,0.02564870206035585,0.3909548203513361,0.05004701801121052,missing,0.05,0.0013333333333331865,0.011876760461131952,0.011115855491260485,0.018086433960037562,0.0013333333333331865
Bank,SVM,Kernel,0.0,0.05,0.0,0.0,5000,42,0.8879999999999999,0.0015491933384829681,0.5821664682366835,0.016306065221198176,0.6066427066136533,0.020807246144580006,0.27683556013835753,0.023377920662654157,missing,0.05,0.0022000000000000908,0.006188756924883632,0.009484702886598972,0.019238419562025044,0.0022000000000000908
Bank,SVM,Kernel,0.0,0.05,0.0,0.0,5000,43,0.8873999999999999,0.006374950980203697,0.5810852668157311,0.02308352939964135,0.605345509135657,0.031297566834207854,0.27033401098731036,0.06087814968790454,missing,0.05,0.0028000000000001357,0.007269958345835992,0.010781900364595254,0.025739968713072214,0.0028000000000001357
Bank,SVM,Kernel,0.0,0.05,0.0,0.0,5000,44,0.8902000000000001,0.002785677655436826,0.5856365730657916,0.012485175675475899,0.6128169663330787,0.016419445087379237,0.2921778349896482,0.02683420856914106,missing,0.05,-1.1102230246251565e-16,0.0027186520957754867,0.003310443167173549,0.0038961447107343505,-1.1102230246251565e-16
Bank,MLP,Neural,0.0,0.05,0.0,0.0,5000,42,0.889,0.006356099432828288,0.6257368528036704,0.029997637675445193,0.6539639995267473,0.03338986614235804,0.3387229541843607,0.054229305500201865,missing,0.05,0.0020000000000000018,-0.006529153075019445,-0.007277314544491098,-0.00454791834009588,0.0020000000000000018
Bank,MLP,Neural,0.0,0.05,0.0,0.0,5000,43,0.8908000000000001,0.010166612021711076,0.6082198410624231,0.03479380599319003,0.6379504034260699,0.04350167732820498,0.32257035674651935,0.08381185974235517,missing,0.05,0.00019999999999986695,0.010987858666227868,0.008736281556186332,0.011604679097745485,0.00019999999999986695
Bank,MLP,Neural,0.0,0.05,0.0,0.0,5000,44,0.89,0.005176871642217918,0.611474092787796,0.04251258708902356,0.6367168400775091,0.05135485465224874,0.32004249170698695,0.0746788424452982,missing,0.05,0.0010000000000000009,0.007733606940855009,0.009969844904747172,0.01413254413727788,0.0010000000000000009
Bank,GB,Boosting,0.0,0.05,0.0,0.0,5000,42,0.8937999999999999,0.001326649916142161,0.6603372341764188,0.012323969091811583,0.6900118452081805,0.010699666541133537,0.3975295739187863,0.01696384010895222,missing,0.05,0.0006000000000000449,0.005529904850403167,0.004967613871743937,0.00846640571977647,0.0006000000000000449
Bank,GB,Boosting,0.0,0.05,0.0,0.0,5000,43,0.8948,0.007110555533852477,0.664610738449923,0.026691691385524147,0.6937656505747578,0.025917887504758444,0.4056634062383848,0.049357618298383456,missing,0.05,-0.00040000000000006697,0.0012564005768989084,0.0012138085051666136,0.000332573400177949,-0.00040000000000006697
Bank,GB,Boosting,0.0,0.05,0.0,0.0,5000,44,0.8894,0.006151422599691885,0.6496897716603266,0.022479026976249015,0.6769400589635167,0.023349502469726315,0.37051138953230356,0.04381703925965878,missing,0.05,0.0050000000000000044,0.016177367366495332,0.0180394001164077,0.035484590106259206,0.0050000000000000044
Wine,LR,Linear,0.0,0.05,0.0,0.0,178,42,0.9665079365079364,0.020746948644437477,0.9676190476190477,0.022817425810878013,0.9663991317324652,0.021589390959571058,0.9512458772456368,0.029954594419503974,missing,0.05,0.018624338624338543,0.01816578483245146,0.018473355247135337,0.02687235706174229,0.018624338624338543
Wine,LR,Linear,0.0,0.05,0.0,0.0,178,43,0.9944444444444445,0.011111111111111117,0.9952380952380953,0.009523809523809488,0.9943562610229277,0.011287477954144622,0.9918521595451713,0.01629568090965749,missing,0.05,-0.009312169312169494,-0.009453262786596084,-0.009483774043327231,-0.013733925237792155,-0.009312169312169494
Wine,LR,Linear,0.0,0.05,0.0,0.0,178,44,0.9663492063492063,0.0109581305359322,0.9674843674843675,0.009000494572951226,0.9669105517782697,0.009210307702021303,0.950729351614604,0.01511048593052915,missing,0.05,0.01878306878306868,0.01830046496713167,0.017961935201330825,0.027388882692775063,0.01878306878306868
Wine,RF,Ensemble,0.0,0.05,0.0,0.0,178,42,0.9773015873015873,0.021340796124772462,0.9788600288600289,0.019554666223936392,0.9787136598964556,0.019498364890259825,0.9658679978756435,0.03240870468925713,missing,0.05,0.005873015873015919,0.00658970658970659,0.005017086723179909,0.009209638065152848,0.005873015873015919
Wine,RF,Ensemble,0.0,0.05,0.0,0.0,178,43,0.9831746031746033,0.013740935306558193,0.9857142857142858,0.011664236870396045,0.9835767195767197,0.01344158069430278,0.97525726191895,0.020209745849709873,missing,0.05,0.0,-0.0002645502645503006,0.00015402704291589409,-0.00017962597815368575,0.0
Wine,RF,Ensemble,0.0,0.05,0.0,0.0,178,44,0.9833333333333334,0.022222222222222233,0.9857142857142858,0.019047619047619018,0.9840998507665175,0.020794565619377488,0.9759643090778816,0.03188010421309662,missing,0.05,-0.00015873015873013596,-0.0002645502645503006,-0.00036910414688196,-0.0008866731370852365,-0.00015873015873013596
Wine,XGB,Boosting,0.0,0.05,0.0,0.0,178,42,0.954920634920635,0.022944058734054362,0.9582251082251083,0.02048147266485071,0.9558979150794482,0.02306608028672971,0.9332058031180779,0.034560403240457685,missing,0.05,0.0020634920634919895,0.0007247073913740909,0.0012431765237786996,0.0028393496937523244,0.0020634920634919895
Wine,XGB,Boosting,0.0,0.05,0.0,0.0,178,43,0.9492063492063492,0.0516202580931501,0.951005291005291,0.04688153153360287,0.9501483780593112,0.04991036010240292,0.924209696296104,0.07695838962481706,missing,0.05,0.007777777777777772,0.00794452461119144,0.0069927135439157295,0.01183545651572615,0.007777777777777772
Wine,XGB,Boosting,0.0,0.05,0.0,0.0,178,44,0.9606349206349206,0.013879588722983607,0.9613708513708514,0.01662971359894307,0.9617444440547758,0.013229822044166352,0.9417977422888624,0.0207036343773805,missing,0.05,-0.0036507936507936822,-0.0024210357543690275,-0.004603352451548859,-0.005752589477032166,-0.0036507936507936822
Wine,SVM,Kernel,0.0,0.05,0.0,0.0,178,42,0.9944444444444445,0.011111111111111117,0.9952380952380953,0.009523809523809488,0.9943562610229277,0.011287477954144622,0.9918521595451713,0.01629568090965749,missing,0.05,-0.011269841269841319,-0.013254769921436593,-0.011524181302162373,-0.01682302801432234,-0.011269841269841319
Wine,SVM,Kernel,0.0,0.05,0.0,0.0,178,43,0.9774603174603176,0.021299434518521104,0.9756084656084656,0.024100746896140418,0.9772840747218574,0.021126761947144735,0.9667678037871621,0.031420260691928936,missing,0.05,0.005714285714285561,0.00637485970819307,0.005548004998907952,0.00826132774368682,0.005714285714285561
Wine,SVM,Kernel,0.0,0.05,0.0,0.0,178,44,0.9887301587301588,0.01380496184454534,0.9891774891774892,0.01341292933751484,0.9890311202139159,0.013443520655842893,0.9832809331990265,0.0204875311122529,missing,0.05,-0.005555555555555647,-0.007194163860830494,-0.006199040493150565,-0.008251801668177627,-0.005555555555555647
Wine,MLP,Neural,0.0,0.05,0.0,0.0,178,42,0.8931746031746032,0.055486578494678376,0.9014285714285716,0.049442342435382314,0.8926469701657108,0.05762367162921105,0.85303793403817,0.07040308492500433,missing,0.05,0.026296296296296262,0.022318422318422293,0.02836368477786899,0.029954370185174994,0.026296296296296262
Wine,MLP,Neural,0.0,0.05,0.0,0.0,178,43,0.9157142857142857,0.04649574573418712,0.9233862433862434,0.045232556361307574,0.9195909092153354,0.04322824104201731,0.8765026308246279,0.06893589805459088,missing,0.05,0.003756613756613736,0.0003607503607504503,0.001419745728244437,0.0064896733987170885,0.003756613756613736
Wine,MLP,Neural,0.0,0.05,0.0,0.0,178,44,0.8534920634920635,0.06094411319588258,0.8662674362674364,0.058240847588534136,0.8568966521670479,0.06104531269603513,0.790478198973435,0.08927306421132122,missing,0.05,0.06597883597883591,0.057479557479557464,0.0641140027765319,0.09251410524991,0.06597883597883591
Wine,GB,Boosting,0.0,0.05,0.0,0.0,178,42,0.9157142857142857,0.018107765087458618,0.9146272246272247,0.014461296859839495,0.9158777279846102,0.015932568670124058,0.8754602971310839,0.02733142055809317,missing,0.05,0.015079365079365137,0.014258457591790896,0.016080436591610403,0.023167385294989074,0.015079365079365137
Wine,GB,Boosting,0.0,0.05,0.0,0.0,178,43,0.893015873015873,0.041590330678489225,0.8917652717652718,0.04376856099814743,0.8968471594350425,0.04035538104852155,0.8406468611932599,0.06267514775162712,missing,0.05,0.0377777777777778,0.03712041045374381,0.03511100514117815,0.05798082123281301,0.0377777777777778
Wine,GB,Boosting,0.0,0.05,0.0,0.0,178,44,0.9438095238095239,0.02521462420645036,0.94012506012506,0.02559604909982016,0.9427637947645066,0.022988857048583545,0.9178078512557581,0.036475265345539985,missing,0.05,-0.013015873015873036,-0.011239377906044457,-0.010805630188285953,-0.019180168829685207,-0.013015873015873036
BreastCancer,LR,Linear,0.0,0.05,0.0,0.0,569,42,0.9701133364384413,0.014276153584041437,0.963820974945279,0.02066819812659064,0.9675938926333731,0.015761625984668192,0.9369726408102487,0.029611630465279058,missing,0.05,0.005309734513274322,0.007082070372276705,0.005856352738737192,0.010997158873724766,0.005309734513274322
BreastCancer,LR,Linear,0.0,0.05,0.0,0.0,569,43,0.9789473684210526,0.01529438225803745,0.9756149948788337,0.016131177590383024,0.9774454531257828,0.016250255819697208,0.9553075324826181,0.03235999271602076,missing,0.05,-0.0035242974693369122,-0.004711949561278073,-0.003995207753672458,-0.007337732798644692,-0.0035242974693369122
BreastCancer,LR,Linear,0.0,0.05,0.0,0.0,569,44,0.9753764943331781,0.014082135060217908,0.9707977191313255,0.01771664233296441,0.973435258250522,0.015255378005826119,0.9474224778758378,0.030060108567114538,missing,0.05,4.657661853757489e-05,0.0001053261862301591,1.4987121588316832e-05,0.000547321808135659,4.657661853757489e-05
BreastCancer,RF,Ensemble,0.0,0.05,0.0,0.0,569,42,0.9560627231796305,0.009610421824985158,0.9525958074025549,0.014605827027951575,0.9528820914443721,0.010525218373620169,0.9074616361604836,0.020834701987304343,missing,0.05,0.005289033793924425,0.004891038738893294,0.005636359368677124,0.011236727959438086,0.005289033793924425
BreastCancer,RF,Ensemble,0.0,0.05,0.0,0.0,569,43,0.9631113181183046,0.01285430290933346,0.9600247479710303,0.017485274262251504,0.9603756063293746,0.014293104876594666,0.9211261608655054,0.02805491550737505,missing,0.05,-0.0017595611447497328,-0.0025379018295821343,-0.0018571555163253706,-0.002427796745583688,-0.0017595611447497328
BreastCancer,RF,Ensemble,0.0,0.05,0.0,0.0,569,44,0.9560782487191428,0.007777102123864983,0.9517894186826383,0.01207482441964163,0.9528371129486443,0.008453752294096341,0.9077548845419756,0.015188412722702372,missing,0.05,0.005273508254412085,0.005697427458809856,0.005681337864404945,0.010943479577946058,0.005273508254412085
BreastCancer,XGB,Boosting,0.0,0.05,0.0,0.0,569,42,0.9631268436578171,0.0195054168912149,0.958281666744654,0.023993447125698807,0.9602915044700762,0.021184841501043977,0.9215688398718317,0.041730632104135926,missing,0.05,0.004072866532111918,0.004117751296755512,0.004354295092544924,0.009051868117806117,0.004072866532111918
BreastCancer,XGB,Boosting,0.0,0.05,0.0,0.0,569,43,0.9666356155876418,0.012854115389141193,0.962802525748808,0.013610260843723906,0.9642217635493611,0.01365154068168453,0.9289546782868274,0.02687958374154828,missing,0.05,0.0005640946022872351,-0.0004031077073984868,0.0004240360132600207,0.0016660297028103788,0.0005640946022872351
BreastCancer,XGB,Boosting,0.0,0.05,0.0,0.0,569,44,0.9648501785437045,0.009609970350036167,0.9586980539568157,0.014918916853203866,0.9620091282790458,0.010772188090814448,0.9256176588037031,0.019318178998865065,missing,0.05,0.002349531646224534,0.003701364084593761,0.0026366712835752537,0.005003049185934749,0.002349531646224534
BreastCancer,SVM,Kernel,0.0,0.05,0.0,0.0,569,42,0.9736376339077782,0.017544106956858683,0.9684721377359766,0.02071575937272113,0.9715660000620717,0.018908206813829802,0.9437279106968701,0.03754308215989358,missing,0.05,0.0017750866842624058,0.003623355117786775,0.0020056487171900006,0.003974448514469375,0.0017750866842624058
BreastCancer,SVM,Kernel,0.0,0.05,0.0,0.0,569,43,0.9771774569166279,0.006986492780624109,0.9722615408211542,0.010570207118649831,0.9753756289636331,0.007600221140337564,0.9514888724661992,0.014921854870903755,missing,0.05,-0.0017647363245872905,-0.0001660479673908366,-0.0018039801843713343,-0.0037865132548596803,-0.0017647363245872905
BreastCancer,SVM,Kernel,0.0,0.05,0.0,0.0,569,44,0.9771619313771154,0.011885244147814056,0.9722615408211543,0.017055073403653326,0.9752854409664101,0.01306263424692258,0.9516534652287574,0.02468543274316737,missing,0.05,-0.0017492107850747285,-0.00016604796739094763,-0.0017137921871483996,-0.0039511060174178825,-0.0017492107850747285
BreastCancer,MLP,Neural,0.0,0.05,0.0,0.0,569,42,0.9297469337059463,0.019112374253626805,0.9201670618023385,0.021830714246977235,0.9241018297403993,0.020536305879201907,0.8495565706252768,0.041000087619187726,missing,0.05,0.016953889147647727,0.017851532103906886,0.018078628703508404,0.036303324029935746,0.016953889147647727
BreastCancer,MLP,Neural,0.0,0.05,0.0,0.0,569,43,0.9473373699736065,0.03134873633865556,0.9377735404676117,0.03731394083930811,0.9425996153285651,0.03463787821284302,0.8868279435109543,0.06789864052628287,missing,0.05,-0.0006365471200124873,0.00024505343863368,-0.0004191568846573235,-0.0009680488557417544,-0.0006365471200124873
BreastCancer,MLP,Neural,0.0,0.05,0.0,0.0,569,44,0.9489830771619314,0.021952552890040042,0.938408097161782,0.024647110216034874,0.9445909830194505,0.023864439529619266,0.891065474731198,0.04739513873234977,missing,0.05,-0.0022822543083373947,-0.00038950325553654963,-0.002410524575542805,-0.005205580075985483,-0.0022822543083373947
BreastCancer,GB,Boosting,0.0,0.05,0.0,0.0,569,42,0.9543238627542306,0.012841845623119677,0.9484913356105625,0.01901002865822223,0.9507270369605159,0.014367450128809004,0.9038050782985115,0.026794925754523823,missing,0.05,0.0017440356052373929,0.0025248606193578604,0.0020273387602547377,0.0028060128200788625,0.0017440356052373929
BreastCancer,GB,Boosting,0.0,0.05,0.0,0.0,569,43,0.9543393882937432,0.016023485046730065,0.9471832935598083,0.021514276839168612,0.9505508923580965,0.017834913172482217,0.9023475236279828,0.034575442705689984,missing,0.05,0.001728510065724831,0.0038329026701120483,0.0022034833626740635,0.004263567490607634,0.001728510065724831
BreastCancer,GB,Boosting,0.0,0.05,0.0,0.0,569,44,0.9595559695699425,0.023975123055537367,0.9563265250417231,0.024965003729027595,0.9567567227646301,0.025545385989762814,0.9137477065638503,0.05103816804348878,missing,0.05,-0.0034880712104744527,-0.0053103288118027114,-0.004002347043859489,-0.007136615445259897,-0.0034880712104744527
Digits,LR,Linear,0.0,0.05,0.0,0.0,1797,42,0.8814546580006191,0.016004269429514856,0.8814765544889932,0.016058634959152825,0.881434868814447,0.015995307978983596,0.7632613341377528,0.03239270698148804,missing,0.05,0.011329309811203836,0.011328367473618761,0.011335539804800843,0.022588585576054365,0.011329309811203836
Digits,LR,Linear,0.0,0.05,0.0,0.0,1797,43,0.8770024760136181,0.01599440176710832,0.8769917624343687,0.016004750381929334,0.8769633103877907,0.015979623606432302,0.7544730894334577,0.03226283694368523,missing,0.05,0.01578149179820476,0.015813159528243248,0.015807098231457095,0.03137683028034943,0.01578149179820476
Digits,LR,Linear,0.0,0.05,0.0,0.0,1797,44,0.8770272361497989,0.008545156475702016,0.8770289034983932,0.008525500252246652,0.8770146082741215,0.008540797512612984,0.7542059481414911,0.017090663005572635,missing,0.05,0.01575673166202396,0.015776018464218722,0.01575580034512636,0.03164397157231602,0.01575673166202396
Digits,RF,Ensemble,0.0,0.05,0.0,0.0,1797,42,0.9671634168987928,0.006222359113331613,0.9671537358834806,0.006245497276809447,0.9671582620038951,0.0062286837770392095,0.9345103425484265,0.012271004636356924,missing,0.05,0.010579284019395674,0.010586649336456366,0.010583099073197433,0.021040949771768402,0.010579284019395674
Digits,RF,Ensemble,0.0,0.05,0.0,0.0,1797,43,0.9677143299288146,0.009110864330679678,0.9676969796735839,0.009112519243276478,0.9677113647742333,0.009112640229894938,0.9355003268910356,0.018179912484853497,missing,0.05,0.010028370989373925,0.01004340554635308,0.010029996302859279,0.020050965429159295,0.010028370989373925
Digits,RF,Ensemble,0.0,0.05,0.0,0.0,1797,44,0.9705137728257505,0.009875333626911361,0.9705211752077396,0.009887800093685244,0.9705119176172425,0.009875536443014978,0.941160076429664,0.01982040518206779,missing,0.05,0.007228928092438025,0.007219210012197386,0.0072294434598499935,0.014391215890530829,0.007228928092438025
Digits,XGB,Boosting,0.0,0.05,0.0,0.0,1797,42,0.9688269885484371,0.008360319883292102,0.968832885788656,0.008373052899619671,0.9688256455161645,0.008360621800840528,0.9377353922721984,0.01674757845982163,missing,0.05,0.0013055813473640265,0.0012952388791147573,0.0013048889040678802,0.002610881158709999,0.0013055813473640265
Digits,XGB,Boosting,0.0,0.05,0.0,0.0,1797,43,0.9582544103992572,0.007718465184990695,0.958243121358341,0.007736369280492259,0.958244988078137,0.0077233546223225025,0.9168308696951364,0.01535669176212655,missing,0.05,0.011878159496543916,0.011885003309429765,0.011885546342095377,0.02351540373577199,0.011878159496543916
Digits,XGB,Boosting,0.0,0.05,0.0,0.0,1797,44,0.9638362735995047,0.012035681561666135,0.9638203339609248,0.01205827466371593,0.9638320356698564,0.012040473279678093,0.927755694118655,0.024023922641089764,missing,0.05,0.006296296296296355,0.0063077907068459504,0.006298498750375914,0.01259057931225338,0.006296296296296355
Digits,SVM,Kernel,0.0,0.05,0.0,0.0,1797,42,0.9755168678427731,0.009209707205741333,0.9755212780915734,0.009217841661221879,0.9755157380339936,0.009210734832577273,0.9510975247003074,0.018391389105943706,missing,0.05,0.005196533580934748,0.005196542417289951,0.005196413217438356,0.010411536919312625,0.005196533580934748
Digits,SVM,Kernel,0.0,0.05,0.0,0.0,1797,43,0.9755091303002166,0.007570183872977544,0.9755119671046089,0.007593937031098006,0.9755063023259822,0.007573007542211192,0.9511816917854461,0.015082310245227156,missing,0.05,0.005204271123491311,0.005205853404254501,0.00520584892544973,0.010327369834173927,0.005204271123491311
Digits,SVM,Kernel,0.0,0.05,0.0,0.0,1797,44,0.9810909935004641,0.011158305157645917,0.9810953527372245,0.011161569810079132,0.9810903796116989,0.011158649864466222,0.962241826502253,0.02234501021545915,missing,0.05,-0.00037759207675625017,-0.00037753222836112155,-0.00037822836026690787,-0.0007327648826329636,-0.00037759207675625017
Digits,MLP,Neural,0.0,0.05,0.0,0.0,1797,42,0.9565923862581245,0.006503769751777718,0.9565981117387026,0.006522519040602842,0.9565908742555169,0.006505685695400777,0.913240919931847,0.013004400640439905,missing,0.05,0.0070535437944908574,0.007054555867636592,0.007053844059153436,0.014118438709197156,0.0070535437944908574
Digits,MLP,Neural,0.0,0.05,0.0,0.0,1797,43,0.9604936552151037,0.01375684793356805,0.960493036479178,0.013740778108490398,0.9604915679762053,0.013756956275405852,0.9210628446519777,0.027469874427756925,missing,0.05,0.0031522748375116816,0.003159631127161111,0.0031531503384650827,0.006296513989066388,0.0031522748375116816
Digits,MLP,Neural,0.0,0.05,0.0,0.0,1797,44,0.962726709996905,0.013430996025616997,0.962749364692326,0.013404931142730893,0.9627246493065968,0.013433436190350723,0.925598982329187,0.026722129718989168,missing,0.05,0.0009192200557103236,0.0009033029140131932,0.0009200690080735097,0.0017603763118571036,0.0009192200557103236
Digits,GB,Boosting,0.0,0.05,0.0,0.0,1797,42,0.9643809965954813,0.0048153770400992425,0.9643667157079608,0.0048115086653372,0.9643784304663814,0.004815636479124328,0.9288225614980702,0.009613561393805732,missing,0.05,0.002783451975652551,0.0027932617947741267,0.0027832066906726682,0.0056073911787104525,0.002783451975652551
Digits,GB,Boosting,0.0,0.05,0.0,0.0,1797,43,0.9560229031259672,0.011511142451357073,0.956023968503829,0.01153096507636829,0.956019664742094,0.011513446480551564,0.9121489211866421,0.02303512084367892,missing,0.05,0.011141545445166656,0.011136008998905988,0.011141972414960066,0.022281031490138492,0.011141545445166656
Digits,GB,Boosting,0.0,0.05,0.0,0.0,1797,44,0.9627236149798823,0.009382602425713815,0.9627278448237429,0.009394402737573405,0.9627226008246363,0.009383191827875502,0.9254903194693103,0.018800463105089586,missing,0.05,0.00444083359125147,0.004432132678992118,0.004439036332417712,0.008939633207470377,0.00444083359125147
Spambase,LR,Linear,0.0,0.1,0.0,0.0,4601,42,0.9113239390076947,0.003033919881381894,0.9027050233044882,0.005091740557339545,0.9062535075235243,0.003464054480782665,0.81365090258025,0.0067211203720534286,missing,0.1,0.01391084045382307,0.015572392974342986,0.01488760942812184,0.029356458014834996,0.01391084045382307
Spambase,LR,Linear,0.0,0.1,0.0,0.0,4601,43,0.9200177028749469,0.0031117077254324303,0.9119223821058483,0.004474400279987071,0.9154773598466754,0.003452660309138566,0.8318628845741545,0.006531643319773163,missing,0.1,0.00521707658657089,0.006355034172982887,0.00566375710497069,0.011144476020930494,0.00521707658657089
Spambase,LR,Linear,0.0,0.1,0.0,0.0,4601,44,0.9152358022942926,0.004124874346253576,0.9063307489296791,0.003583827346699052,0.9103252128555877,0.00417022217638214,0.8217616023402978,0.008664283478404106,missing,0.1,0.009998977167225198,0.011946667349152063,0.010815904096058482,0.02124575825478714,0.009998977167225198
Spambase,RF,Ensemble,0.0,0.1,0.0,0.0,4601,42,0.9378402492564792,0.0032404642138166113,0.9299964691033573,0.00392531495981347,0.9342307593283261,0.0034674396854738406,0.8695931623702784,0.006794206629684184,missing,0.1,0.00695526286802306,0.0074154958074406085,0.00735921017097263,0.014673653101709094,0.00695526286802306
Spambase,RF,Ensemble,0.0,0.1,0.0,0.0,4601,43,0.9380585847141576,0.007701775497146187,0.9300883936478257,0.008816710728100509,0.9344324827461973,0.008228616588143148,0.8700561043633538,0.016115656895848523,missing,0.1,0.006736927410344706,0.007323571262972228,0.007157486753101461,0.0142107111086337,0.006736927410344706
Spambase,RF,Ensemble,0.0,0.1,0.0,0.0,4601,44,0.9352320256809705,0.008233370970050294,0.9265951743555192,0.009238112058940545,0.9313621039941313,0.008794233631106808,0.864079648838757,0.017303169914521424,missing,0.1,0.009563486443531777,0.010816790555278732,0.01022786550516741,0.020187166633230502,0.009563486443531777
Spambase,XGB,Boosting,0.0,0.1,0.0,0.0,4601,42,0.9439253174715574,0.004485783622487102,0.9389696526104085,0.004689229632528656,0.941006379603817,0.004704388825099168,0.8823430194790394,0.009454445574516662,missing,0.1,0.006448881965097741,0.007129326219933674,0.006808419466313831,0.013556464085502484,0.006448881965097741
Spambase,XGB,Boosting,0.0,0.1,0.0,0.0,4601,43,0.9439248453948921,0.005037104340808429,0.9390725372127914,0.0065073821898135155,0.9410041127275266,0.00545108338731097,0.8823250259405265,0.010586244005654197,missing,0.1,0.006449354041763056,0.007026441617550838,0.0068106863426041775,0.013574457624015324,0.006449354041763056
Spambase,XGB,Boosting,0.0,0.1,0.0,0.0,4601,44,0.9415351933153945,0.006565198909747251,0.9355603550856559,0.0072621953225335085,0.9383710149515384,0.006948176769165036,0.8771965601808809,0.013778161125389335,missing,0.1,0.00883900612126065,0.010538623744686282,0.009443784118592369,0.018702923383660974,0.00883900612126065
Spambase,SVM,Kernel,0.0,0.1,0.0,0.0,4601,42,0.9215396780437143,0.006945955002927165,0.9129796376307369,0.0070286341386751735,0.9170046535460779,0.007280407674142063,0.8350240216392855,0.014681805112910118,missing,0.1,0.011374844608097678,0.01331039235389564,0.012235750361160536,0.02406792365769861,0.011374844608097678
Spambase,SVM,Kernel,0.0,0.1,0.0,0.0,4601,43,0.9287124108955294,0.008340182486501988,0.9206400678523174,0.00930942708408584,0.9246024396733654,0.008881089798471577,0.850197309491841,0.01752108558585691,missing,0.1,0.0042021117562826005,0.005649962132315056,0.004637964233872971,0.008894635805143047,0.0042021117562826005
Spambase,SVM,Kernel,0.0,0.1,0.0,0.0,4601,44,0.9261037152433556,0.009594104276077856,0.9174252263506691,0.009381289704192657,0.9217830535962579,0.00996949029263535,0.8448561387871673,0.020158040206994767,missing,0.1,0.00681080740845641,0.008864803633963358,0.007457350310980493,0.014235806509816817,0.00681080740845641
Spambase,MLP,Neural,0.0,0.1,0.0,0.0,4601,42,0.9189300382382098,0.012389506008277368,0.9116736149100338,0.016171825957267877,0.9143904737048636,0.013711549032582017,0.8297039804806257,0.026486561015763247,missing,0.1,0.01811397504288037,0.021047162066957226,0.019487684236880853,0.03831444284444252,0.01811397504288037
Spambase,MLP,Neural,0.0,0.1,0.0,0.0,4601,43,0.9306675164046642,0.009358368721365265,0.9263088658318314,0.010133978460794007,0.9272375373168795,0.0098335193143008,0.8546736570539701,0.019580982484731342,missing,0.1,0.006376496876426052,0.00641191114515971,0.0066406206248649235,0.01334476627109804,0.006376496876426052
Spambase,MLP,Neural,0.0,0.1,0.0,0.0,4601,44,0.9219735164990794,0.0231844214021183,0.9172165781523953,0.028518969285190016,0.9178676746645678,0.02526307791691271,0.8366061374124545,0.04957690641361891,missing,0.1,0.015070496782010778,0.01550419882459575,0.01601048327717669,0.03141228591261369,0.015070496782010778
Spambase,GB,Boosting,0.0,0.1,0.0,0.0,4601,42,0.9424045224944532,0.002041519459142217,0.9369415240734481,0.0029267962232323165,0.9393463399088091,0.0021855580212671007,0.8791562717456509,0.004383007312794197,missing,0.1,0.0052882028041354445,0.006043619976383141,0.005610851211280021,0.011125438590620873,0.0052882028041354445
Spambase,GB,Boosting,0.0,0.1,0.0,0.0,4601,43,0.94240334230279,0.007502739755533491,0.9362756481712717,0.009551729211794908,0.9392303079745765,0.00814661267453329,0.8791468353337348,0.015638686174750862,missing,0.1,0.005289382995798619,0.006709495878559513,0.005726883145512618,0.01113487500253696,0.005289382995798619
Spambase,GB,Boosting,0.0,0.1,0.0,0.0,4601,44,0.9406653920596705,0.0040969093635381025,0.9346493284467048,0.0050678191603920454,0.937450993843753,0.004403058243346907,0.8753749900131599,0.00857074730512208,missing,0.1,0.007027333238918132,0.008335815603126462,0.007506197276336168,0.01490672032311191,0.007027333238918132
Bank,LR,Linear,0.0,0.1,0.0,0.0,5000,42,0.8928,0.00874985714169095,0.6189912013241571,0.02406816399883218,0.6521766587282856,0.0310762540708853,0.34555616156367275,0.06436367277659091,missing,0.1,0.0033333333333331883,0.022648120722865928,0.024510571546909166,0.0401045055449335,0.0033333333333331883
Bank,LR,Linear,0.0,0.1,0.0,0.0,5000,43,0.8946,0.006311893535223805,0.6244591573017394,0.022690973514536462,0.6586619366155736,0.027593140989464866,0.3591307806957625,0.05128858107792293,missing,0.1,0.0015333333333332755,0.01718016474528361,0.018025293659621133,0.02652988641284376,0.0015333333333332755
Bank,LR,Linear,0.0,0.1,0.0,0.0,5000,44,0.8927999999999999,0.004621688003316541,0.6219570036104577,0.01299361073404073,0.6551920650883417,0.01593389544108883,0.35020586715041385,0.030865891219814118,missing,0.1,0.0033333333333332993,0.019682318436565316,0.021495165186853016,0.035454799958192396,0.0033333333333332993
Bank,RF,Ensemble,0.0,0.1,0.0,0.0,5000,42,0.8938,0.006046486583132395,0.5861921770189041,0.02581784615766678,0.6144737434671623,0.03463602366197336,0.3095426412057777,0.06090826809713865,missing,0.1,0.0021333333333333204,0.017272765404135693,0.02296670713444715,0.033282667224978024,0.0021333333333333204
Bank,RF,Ensemble,0.0,0.1,0.0,0.0,5000,43,0.8907999999999999,0.0063686733312362685,0.5793032687709924,0.018071412727097756,0.6049136438136216,0.025301338826884984,0.2889250990445763,0.05645565649853182,missing,0.1,0.005133333333333434,0.024161673652047466,0.032526806787987916,0.0539002093861794,0.005133333333333434
Bank,RF,Ensemble,0.0,0.1,0.0,0.0,5000,44,0.8902000000000001,0.002785677655436826,0.577480616778465,0.014554843888418288,0.6022226449874428,0.0200071059757288,0.28033668827071734,0.033792378952768674,missing,0.1,0.005733333333333257,0.025984325644574868,0.03521780561416665,0.062488620160038366,0.005733333333333257
Bank,XGB,Boosting,0.0,0.1,0.0,0.0,5000,42,0.8916000000000001,0.006151422599691885,0.6427795684873827,0.021128696007513038,0.6732495585741585,0.02373497150200057,0.36931933769118486,0.04542422646949735,missing,0.1,0.004133333333333211,0.021618220712218528,0.02202791723981634,0.03972191662018881,0.004133333333333211
Bank,XGB,Boosting,0.0,0.1,0.0,0.0,5000,43,0.8886,0.003773592452822645,0.6358906602394712,0.019484381318813755,0.6641982358643497,0.01850176929857288,0.3515717997638818,0.031608489568367676,missing,0.1,0.007133333333333325,0.02850712896013008,0.031079239949625137,0.05746945454749186,0.007133333333333325
Bank,XGB,Boosting,0.0,0.1,0.0,0.0,5000,44,0.8932,0.009108238029388569,0.6384954167513625,0.02139156890854195,0.6709704534419471,0.02576623301562522,0.37220415836448273,0.05093851253264552,missing,0.1,0.0025333333333332764,0.025902372448238786,0.024307022372027753,0.03683709594689094,0.0025333333333332764
Bank,SVM,Kernel,0.0,0.1,0.0,0.0,5000,42,0.8876,0.001019803902718558,0.5723011102399551,0.010589918515356464,0.59441737407599,0.01412829890381104,0.26000900744853594,0.017088830410296633,missing,0.1,0.0026000000000000467,0.016054114921612017,0.021710035424262197,0.03606497225184663,0.0026000000000000467
Bank,SVM,Kernel,0.0,0.1,0.0,0.0,5000,43,0.8874000000000001,0.006280127387243038,0.5744122116715549,0.022659564832089158,0.5966669061179083,0.03102393971311356,0.26057627336555467,0.05968529033645963,missing,0.1,0.0027999999999999137,0.013943013490012257,0.019460503382343952,0.035497706334827905,0.0027999999999999137
Bank,SVM,Kernel,0.0,0.1,0.0,0.0,5000,44,0.8874000000000001,0.003773592452822645,0.5714464093852543,0.010560850662127568,0.5935646684546816,0.015290282909982274,0.2579612485889324,0.03330562074795957,missing,0.1,0.0027999999999999137,0.01690881577631287,0.022562741045570656,0.03811273111145019,0.0027999999999999137
Bank,MLP,Neural,0.0,0.1,0.0,0.0,5000,42,0.8888000000000001,0.007833262411026463,0.6085702393743164,0.020215623015436928,0.637648676048994,0.023317012936818145,0.31993506550942474,0.044010541699212535,missing,0.1,0.0021999999999998687,0.01063746035433455,0.009038008933262232,0.01423997033484009,0.0021999999999998687
Bank,MLP,Neural,0.0,0.1,0.0,0.0,5000,43,0.8897999999999999,0.008518215775618749,0.6024634356457685,0.04140291768852858,0.6283817988612118,0.05301608353331577,0.3068744024874581,0.08671461719686191,missing,0.1,0.0012000000000000899,0.016744264082882432,0.018304886121044417,0.027300633356806714,0.0012000000000000899
Bank,MLP,Neural,0.0,0.1,0.0,0.0,5000,44,0.893,0.002756809750418047,0.6354163641819361,0.0044032553677498835,0.6683677201414212,0.004712861816994214,0.3669982455120254,0.011028897963011828,missing,0.1,-0.0020000000000000018,-0.01620866445328517,-0.021681035159164974,-0.03282320966776059,-0.0020000000000000018
Bank,GB,Boosting,0.0,0.1,0.0,0.0,5000,42,0.89,0.00864869932417587,0.6396492145076517,0.023327264276949887,0.6692354658352275,0.027331492784115972,0.36089188101163944,0.05478043326719895,missing,0.1,0.0043999999999999595,0.026217924519170266,0.025743993244696894,0.04510409862692333,0.0043999999999999595
Bank,GB,Boosting,0.0,0.1,0.0,0.0,5000,43,0.8912000000000001,0.007678541528180993,0.6484846724937325,0.018692980901298294,0.677929562526389,0.021138593260781557,0.3766373114039768,0.0442240440528785,missing,0.1,0.0031999999999998696,0.01738246653308939,0.017049896553535393,0.02935866823458594,0.0031999999999998696
Bank,GB,Boosting,0.0,0.1,0.0,0.0,5000,44,0.8924,0.006916646586316239,0.6491641741924867,0.01680539404502586,0.6797939603383061,0.01959652583539244,0.38067340351333306,0.04027983924203356,missing,0.1,0.0020000000000000018,0.0167029648343352,0.015185498741618342,0.0253225761252297,0.0020000000000000018
Wine,LR,Linear,0.0,0.1,0.0,0.0,178,42,0.9553968253968254,0.03761067484347909,0.9553968253968254,0.04422963964275194,0.9552543936439928,0.0391769657451484,0.9358260745348078,0.053166175294722035,missing,0.1,0.029735449735449615,0.030388007054673816,0.02961809333560772,0.04229215977257128,0.029735449735449615
Wine,LR,Linear,0.0,0.1,0.0,0.0,178,43,0.9776190476190477,0.020831783767013237,0.9782539682539684,0.02116296293650658,0.9782215163651813,0.02044868941532071,0.9667181206913321,0.03114374933075952,missing,0.1,0.00751322751322725,0.0075308641975307955,0.006650970614419216,0.01140011361604698,0.00751322751322725
Wine,LR,Linear,0.0,0.1,0.0,0.0,178,44,0.9663492063492063,0.02113317858457236,0.9704473304473306,0.018939172677880225,0.9673282922405729,0.019904497099804918,0.9505450222504948,0.031172287017877078,missing,0.1,0.01878306878306868,0.015337502004168613,0.017544194739027574,0.027573212056884344,0.01878306878306868
Wine,RF,Ensemble,0.0,0.1,0.0,0.0,178,42,0.9663492063492063,0.0109581305359322,0.9674314574314575,0.014491183483035115,0.9673963372155516,0.012141642910672835,0.9499828913008977,0.016718809471343514,missing,0.1,0.016825396825396965,0.018018278018277933,0.016334409404083927,0.02509474463989858,0.016825396825396965
Wine,RF,Ensemble,0.0,0.1,0.0,0.0,178,43,0.9719047619047618,0.01807434048104221,0.9726984126984128,0.017913315529734436,0.9723998490362676,0.016648495113276207,0.9589083617417998,0.02620708720445286,missing,0.1,0.01126984126984143,0.012751322751322625,0.011330897583367916,0.016169274198996497,0.01126984126984143
Wine,RF,Ensemble,0.0,0.1,0.0,0.0,178,44,0.9831746031746033,0.02230370548603213,0.986031746031746,0.0188988902427139,0.9839359672390525,0.020893994447453757,0.9756476185112282,0.03205186274225384,missing,0.1,0.0,-0.0005820105820105725,-0.00020522061941696812,-0.0005699825704318373,0.0
Wine,XGB,Boosting,0.0,0.1,0.0,0.0,178,42,0.954920634920635,0.014138572026440229,0.9577200577200579,0.014159440170581999,0.9570385911033087,0.01301320841481655,0.9333974715231592,0.02110865232962038,missing,0.1,0.0020634920634919895,0.0012297578964245437,0.0001025004999182233,0.002647681288670989,0.0020634920634919895
Wine,XGB,Boosting,0.0,0.1,0.0,0.0,178,43,0.954920634920635,0.03880749499679709,0.9595238095238094,0.036576884513660035,0.9567329460662795,0.03542948726855484,0.933477770112409,0.05800269377037824,missing,0.1,0.0020634920634919895,-0.0005739939073270417,0.00040814553694745737,0.00256738269942125,0.0020634920634919895
Wine,XGB,Boosting,0.0,0.1,0.0,0.0,178,44,0.9776190476190475,0.01119469694127331,0.9812698412698413,0.009385235237520273,0.9777690970721824,0.011172715972991699,0.9670718906601689,0.016475036374475147,missing,0.1,-0.02063492063492056,-0.022320025653358888,-0.02062800546895549,-0.031026737848338648,-0.02063492063492056
Wine,SVM,Kernel,0.0,0.1,0.0,0.0,178,42,0.9722222222222221,0.030429030972509243,0.9746031746031747,0.027561516435214848,0.9735292300939478,0.029467792267911647,0.9587153367933345,0.04548313642223789,missing,0.1,0.010952380952381047,0.007380150713483968,0.0093028496268176,0.016313794737514375,0.010952380952381047
Wine,SVM,Kernel,0.0,0.1,0.0,0.0,178,43,0.9719047619047618,0.0003888078956798682,0.971904761904762,0.004644044075659649,0.9717359922099658,0.0011819054581718638,0.9584549700065965,0.000697319414485882,missing,0.1,0.011269841269841319,0.010078563411896613,0.011096087510799602,0.016574161524252395,0.011269841269841319
Wine,SVM,Kernel,0.0,0.1,0.0,0.0,178,44,0.9774603174603176,0.021299434518521104,0.97997113997114,0.019426336919943367,0.9780926390049197,0.020744894721571313,0.9664128157639217,0.03207685481579728,missing,0.1,0.005714285714285561,0.0020121853455186134,0.004739440715845644,0.00861631576692723,0.005714285714285561
Wine,MLP,Neural,0.0,0.1,0.0,0.0,178,42,0.8877777777777778,0.06942444156361469,0.8944444444444445,0.06212009759790458,0.8876950389926843,0.06924995001998746,0.8435603851914383,0.09272614557066104,missing,0.1,0.03169312169312166,0.029302549302549386,0.033315615950895494,0.03943191903190668,0.03169312169312166
Wine,MLP,Neural,0.0,0.1,0.0,0.0,178,43,0.9046031746031746,0.0415509352688759,0.9078306878306879,0.043527515513912804,0.9065259078577157,0.03936937743291593,0.8569841593439034,0.06308735809707551,missing,0.1,0.014867724867724808,0.015916305916305995,0.014484747085864114,0.026008144879441586,0.014867724867724808
Wine,MLP,Neural,0.0,0.1,0.0,0.0,178,44,0.881111111111111,0.07612497184149547,0.889018759018759,0.07333626420384066,0.8834367399125019,0.07582673974093815,0.8240541785138731,0.11431019888143305,missing,0.1,0.03835978835978848,0.03472823472823483,0.037573915031077876,0.05893812570947188,0.03835978835978848
Wine,GB,Boosting,0.0,0.1,0.0,0.0,178,42,0.9153968253968253,0.03160524336902373,0.9126406926406926,0.03757495158960505,0.9154659176300755,0.031152109316676387,0.8736959810630468,0.047365813249014226,missing,0.1,0.01539682539682552,0.016244989578322988,0.01649224694614515,0.024931701363026137,0.01539682539682552
Wine,GB,Boosting,0.0,0.1,0.0,0.0,178,43,0.8992063492063492,0.037103492910951046,0.895026455026455,0.03979011872730351,0.900308953198436,0.03795598109775483,0.8518966357741908,0.05608601575652835,missing,0.1,0.03158730158730161,0.033859227192560626,0.03164921137778465,0.0467310466518821,0.03158730158730161
Wine,GB,Boosting,0.0,0.1,0.0,0.0,178,44,0.9322222222222223,0.034428714131737904,0.9302068302068301,0.03447751255122035,0.931965139541062,0.03283679507785281,0.8981675610812687,0.05267541795263708,missing,0.1,-0.0014285714285714457,-0.0013211479878145749,-6.974964841366393e-06,0.00046012134480422073,-0.0014285714285714457
BreastCancer,LR,Linear,0.0,0.1,0.0,0.0,569,42,0.9666045645086166,0.008608264154533925,0.9591340029843142,0.013926936233390337,0.9638172915839615,0.009435294455941828,0.9293455497736318,0.01849668652159615,missing,0.1,0.008818506443099006,0.011769042333241497,0.00963295378814888,0.018624249910341617,0.008818506443099006
BreastCancer,LR,Linear,0.0,0.1,0.0,0.0,569,43,0.968390001552554,0.016242816173189522,0.9662113507920911,0.016126640771576477,0.9662736679874392,0.016968128000924964,0.9334234241337386,0.03360602843411112,missing,0.1,0.007033069399161707,0.004691694525464585,0.007176577384671146,0.014546375550234858,0.007033069399161707
BreastCancer,LR,Linear,0.0,0.1,0.0,0.0,569,44,0.9736221083682658,0.016676727751755813,0.9694446394127036,0.02075377587227077,0.9715579886742157,0.01810555257313074,0.9437659651921395,0.03542666183793303,missing,0.1,0.001800962583449861,0.0014584059048520226,0.001892256697894612,0.004203834491833924,0.001800962583449861
BreastCancer,RF,Ensemble,0.0,0.1,0.0,0.0,569,42,0.9508150908244062,0.011825998202227732,0.9464808229220283,0.011074003747655069,0.947350665364711,0.012386355419758742,0.8957001931698756,0.0244491384221452,missing,0.1,0.010536666149148721,0.011006023219419903,0.011167785448338186,0.022998170950046082,0.010536666149148721
BreastCancer,RF,Ensemble,0.0,0.1,0.0,0.0,569,43,0.95960254618848,0.010464443978139344,0.9543457125180022,0.014294202910689158,0.9564716040584171,0.011635827226941863,0.913671106364202,0.022721058793795334,missing,0.1,0.0017492107850749505,0.003141133623446035,0.00204684675463207,0.005027257755719661,0.0017492107850749505
BreastCancer,RF,Ensemble,0.0,0.1,0.0,0.0,569,44,0.9630802670392796,0.006648593639017872,0.9592183592511139,0.009797193056664355,0.9603683983410282,0.0071821508977268815,0.9222146156439921,0.013230237982685208,missing,0.1,-0.0017285100657247199,-0.0017315131096656833,-0.0018499475279789568,-0.003516251524070424,-0.0017285100657247199
BreastCancer,XGB,Boosting,0.0,0.1,0.0,0.0,569,42,0.9525694767893185,0.008860853994419337,0.9498342769797077,0.013390976786825434,0.9492666766984541,0.009593436050543762,0.9000859142421914,0.019171141534467914,missing,0.1,0.014630233400610537,0.012565141061701812,0.015379122864166983,0.030534793747446387,0.014630233400610537
BreastCancer,XGB,Boosting,0.0,0.1,0.0,0.0,569,43,0.9648657040832168,0.012372754323960556,0.9614494460301863,0.01399631067170104,0.9623553086970157,0.01315261015295347,0.925323773159407,0.02591305501913017,missing,0.1,0.0023340061067121942,0.0009499720112231547,0.002290490865605399,0.005296934830230859,0.0023340061067121942
BreastCancer,XGB,Boosting,0.0,0.1,0.0,0.0,569,44,0.9613414066138798,0.008922121107402356,0.9587661628686849,0.011947289315347808,0.9585997800268267,0.00966155986845374,0.9183711083756737,0.01869950205459233,missing,0.1,0.0058583035760492175,0.0036332551727246143,0.006046019535794422,0.012249599613964102,0.0058583035760492175
BreastCancer,SVM,Kernel,0.0,0.1,0.0,0.0,569,42,0.9666200900481291,0.011609532962591906,0.9629165821804211,0.014222865245813471,0.9641634026594744,0.0124797103316705,0.9294501592918847,0.02486004735667888,missing,0.1,0.00879263054391155,0.009178910673342311,0.0094082461197873,0.018252199919454815,0.00879263054391155
BreastCancer,SVM,Kernel,0.0,0.1,0.0,0.0,569,43,0.9718987734823784,0.00651462442091093,0.9680557505238149,0.00898946102616101,0.9698101570584479,0.006974219338686805,0.9403919839118299,0.014334411660101529,missing,0.1,0.003513947109662241,0.004039742329948526,0.0037614917208138587,0.007310375299509619,0.003513947109662241
BreastCancer,SVM,Kernel,0.0,0.1,0.0,0.0,569,44,0.9806551777674274,0.012917715378580066,0.9769680745974554,0.015962177868891543,0.979147256054852,0.013956342205373274,0.9589567278902699,0.027227941344712157,missing,0.1,-0.005242457175386739,-0.004872581743691984,-0.005575607275590255,-0.011254368678930371,-0.005242457175386739
BreastCancer,MLP,Neural,0.0,0.1,0.0,0.0,569,42,0.9349945660611707,0.018835595798078232,0.9242263009582039,0.024154337726760587,0.9293197295167325,0.02103484675136373,0.8610075835864756,0.0403359676479996,missing,0.1,0.01170625679242332,0.013792292948041518,0.012860728927175269,0.024852311068736976,0.01170625679242332
BreastCancer,MLP,Neural,0.0,0.1,0.0,0.0,569,43,0.9473063188945815,0.02214262003114482,0.9395882400345223,0.028426252799574905,0.9428344206291047,0.02477720879968923,0.8868861445025686,0.04823662873387464,missing,0.1,-0.0006054960409874743,-0.0015696461282769247,-0.0006539621851969768,-0.0010262498473561088,-0.0006054960409874743
BreastCancer,MLP,Neural,0.0,0.1,0.0,0.0,569,44,0.9489986027014439,0.02257490324058795,0.9403172913449691,0.024016661309170968,0.9449018908164174,0.02433531875164392,0.8909315645215046,0.04879740560854248,missing,0.1,-0.0022977798478498457,-0.0022986974387236847,-0.002721432372509658,-0.005071669866292039,-0.0022977798478498457
BreastCancer,GB,Boosting,0.0,0.1,0.0,0.0,569,42,0.968390001552554,0.011862304695158544,0.9624516478717264,0.016647760165053687,0.9658394725071918,0.013023545578171702,0.9332735464578871,0.02523057239342946,missing,0.1,-0.01232210319308591,-0.011435451641806038,-0.013085096786421224,-0.026662455339296676,-0.01232210319308591
BreastCancer,GB,Boosting,0.0,0.1,0.0,0.0,569,43,0.9490762303990063,0.01694226944616519,0.9439695667545323,0.021523384795557498,0.9451999538167195,0.01873727611825884,0.89103253230965,0.03701454989996171,missing,0.1,0.006991667960461689,0.007046629475388144,0.00755442190405109,0.015578558808940435,0.006991667960461689
BreastCancer,GB,Boosting,0.0,0.1,0.0,0.0,569,44,0.9489675516224189,0.019829074166280825,0.9470173755712569,0.019129857779657887,0.9456623521465491,0.020660111923892017,0.8926668681819525,0.04042779828208445,missing,0.1,0.007100346737049179,0.003998820658663527,0.007092023574221451,0.013944222936637884,0.007100346737049179
Digits,LR,Linear,0.0,0.1,0.0,0.0,1797,42,0.8708820798514392,0.015115125225303467,0.8709115850626391,0.015162559067501781,0.8708605255217787,0.015096724441251905,0.7421439732442041,0.0306657764144371,missing,0.1,0.021901887960383726,0.02189333689997286,0.021909883097469107,0.04370594646960302,0.021901887960383726
Digits,LR,Linear,0.0,0.1,0.0,0.0,1797,43,0.8675394614670381,0.01451599806572817,0.8675009002335463,0.014522462349763031,0.8674708151854968,0.014540847421882821,0.7356651282932252,0.028885998395405055,missing,0.1,0.02524450634478481,0.02530402172906565,0.02529959343375099,0.050184791420581965,0.02524450634478481
Digits,LR,Linear,0.0,0.1,0.0,0.0,1797,44,0.8603358093469513,0.01365873337333032,0.8603528229609282,0.013627212370002842,0.860311078697471,0.013653476637979604,0.7209827963146885,0.02731519063028306,missing,0.1,0.03244815846487159,0.032452099001683776,0.0324593299217768,0.0648671233991186,0.03244815846487159
Digits,RF,Ensemble,0.0,0.1,0.0,0.0,1797,42,0.9610383782110802,0.00771118941496967,0.9610302101230832,0.007722959573443906,0.961035104296502,0.007712922099669329,0.9221712819188272,0.015416118466952712,missing,0.1,0.01670432270710831,0.016710175096853797,0.016706256780590567,0.03338001040136762,0.01670432270710831
Digits,RF,Ensemble,0.0,0.1,0.0,0.0,1797,43,0.9621510368307025,0.008403563409597225,0.9621320788364525,0.008415308680143304,0.9621448066624063,0.008412141887267294,0.9244488304187655,0.016581039908911476,missing,0.1,0.015591664087486024,0.015608306383484538,0.015596554414686215,0.0311024619014294,0.015591664087486024
Digits,RF,Ensemble,0.0,0.1,0.0,0.0,1797,44,0.9599396471680594,0.014778893927227983,0.9599407560590004,0.014796468248868664,0.9599373252861485,0.014780254827120252,0.9199647370022929,0.029616826688105214,missing,0.1,0.01780305375012914,0.01779962916093658,0.01780403579094403,0.035586555317902,0.01780305375012914
Digits,XGB,Boosting,0.0,0.1,0.0,0.0,1797,42,0.957143299288146,0.00839807419066523,0.9571475285588376,0.008403655440533855,0.9571405417263129,0.008398700529117002,0.9143964799770824,0.016780296035576903,missing,0.1,0.01298927060765509,0.012980596108933207,0.012989992693919428,0.025949793453825976,0.01298927060765509
Digits,XGB,Boosting,0.0,0.1,0.0,0.0,1797,43,0.9543577839678118,0.010973149666408789,0.9543603369102612,0.01098390939892245,0.9543546079425733,0.010974357364046991,0.9088338423497484,0.021996076848758036,missing,0.1,0.01577478592798931,0.015767787757509533,0.01577592647765902,0.031512431081159975,0.01577478592798931
Digits,XGB,Boosting,0.0,0.1,0.0,0.0,1797,44,0.9521510368307025,0.0063740821732960135,0.9521536329996468,0.006387975013789687,0.952148523689042,0.006374927200567624,0.9043859107557232,0.012788715971662252,missing,0.1,0.017981533065098643,0.017974491668123926,0.017982010731190323,0.03596036267518521,0.017981533065098643
Digits,SVM,Kernel,0.0,0.1,0.0,0.0,1797,42,0.9655013927576602,0.010194174702189343,0.9655242788700612,0.010200462949658515,0.9654982705967837,0.01019668745863957,0.9312108166418515,0.020317536815720592,missing,0.1,0.01521200866604766,0.015193541638802155,0.015213880654648237,0.030298244977768563,0.01521200866604766
Digits,SVM,Kernel,0.0,0.1,0.0,0.0,1797,43,0.9727282575054164,0.009556720972823817,0.9727372586945414,0.009581450748550298,0.9727268537740505,0.009558236904016125,0.9455472585857292,0.01914128661031488,missing,0.1,0.007985143918291526,0.00798056181432194,0.007985297477381414,0.01596180303389083,0.007985143918291526
Digits,SVM,Kernel,0.0,0.1,0.0,0.0,1797,44,0.974410399257196,0.009675658086124344,0.9744193407889817,0.00967126352931416,0.9744098148003504,0.0096757096083554,0.9488799382508251,0.019349876761064068,missing,0.1,0.006303002166511917,0.006298479719881622,0.0063023364510815805,0.012629123368794959,0.006303002166511917
Digits,MLP,Neural,0.0,0.1,0.0,0.0,1797,42,0.9521448467966576,0.006430016859479021,0.9521443220126822,0.0064328082964545796,0.9521441577451599,0.006430202542816101,0.9042942636304121,0.012866052863107654,missing,0.1,0.011501083255957778,0.011508345593656988,0.011500560569510432,0.02306509501063203,0.011501083255957778
Digits,MLP,Neural,0.0,0.1,0.0,0.0,1797,43,0.9487913958526771,0.012813692306410919,0.9488017462816067,0.012800851581807418,0.9487780744582466,0.012822271132695465,0.898018509199019,0.025407764239366262,missing,0.1,0.014854534199938207,0.014850921324732425,0.014866643856423778,0.029340849442025085,0.014854534199938207
Digits,MLP,Neural,0.0,0.1,0.0,0.0,1797,44,0.9610569483132156,0.009594432962181697,0.9610580744947548,0.009607621508865833,0.9610532592516376,0.009596070657682816,0.9222614358675381,0.019197560726844483,missing,0.1,0.0025889817393996983,0.0025945931115843868,0.0025914590630327083,0.0050979227735060695,0.0025889817393996983
Digits,GB,Boosting,0.0,0.1,0.0,0.0,1797,42,0.9504704425874342,0.005962487035816552,0.9504652749913406,0.005976537570730644,0.9504648744177311,0.005965838149416298,0.9010911957527744,0.011861644086436238,missing,0.1,0.016694005983699634,0.016694702511394377,0.016696762739322968,0.03333875692400623,0.016694005983699634
Digits,GB,Boosting,0.0,0.1,0.0,0.0,1797,43,0.9537991333952338,0.012685662675745193,0.9537861936753878,0.012701227611145298,0.9537921765750437,0.012693721114706012,0.907739143848542,0.025224959824364235,missing,0.1,0.013365315175900006,0.013373783827347219,0.013369460582010384,0.0266908088282386,0.013365315175900006
Digits,GB,Boosting,0.0,0.1,0.0,0.0,1797,44,0.9532621479418137,0.005616500025678264,0.9532586053753374,0.005630462232318846,0.9532572453010832,0.005619918383596179,0.9066674787318606,0.011174346981384623,missing,0.1,0.013902300629320075,0.013901372127397615,0.01390439185597081,0.02776247394492004,0.013902300629320075
Spambase,LR,Linear,0.0,0.2,0.0,0.0,4601,42,0.9028478024831232,0.007665757262929359,0.8929208838918592,0.009241684959765597,0.8970835584785354,0.008324275568156072,0.7955543306261864,0.016396887584143503,missing,0.2,0.022386976978394535,0.025356532386971997,0.02405755847311075,0.04745302996889855,0.022386976978394535
Spambase,LR,Linear,0.0,0.2,0.0,0.0,4601,43,0.9102379266392863,0.004248202894233065,0.9010548378972445,0.006371901451384579,0.9049952631940474,0.0048867244017452545,0.8111881360721303,0.009001818046490204,missing,0.2,0.01499685282223151,0.017222578381586695,0.016145853757598694,0.031819224522954714,0.01499685282223151
Spambase,LR,Linear,0.0,0.2,0.0,0.0,4601,44,0.9080618892508143,0.008535531945960396,0.8977095737234654,0.008093254929748666,0.9024956464802486,0.008806173307929172,0.8067356584053866,0.01803778807486936,missing,0.2,0.01717289021070345,0.020567842555365812,0.01864547047139753,0.03627170218969833,0.01717289021070345
Spambase,RF,Ensemble,0.0,0.2,0.0,0.0,4601,42,0.9267563612330643,0.0055064255128708765,0.9182495938629573,0.006887204834669994,0.9224679725541005,0.006001216056798582,0.8461067001978366,0.011548284462610903,missing,0.2,0.01803915089143804,0.019162371047840576,0.019121996945198227,0.03816011527415086,0.01803915089143804
Spambase,RF,Ensemble,0.0,0.2,0.0,0.0,4601,43,0.9304505971769815,0.005824459369058598,0.9225539684008641,0.006253853468412805,0.9264640603819784,0.006170582507545443,0.8538569854802927,0.012291417533659149,missing,0.2,0.01434491494752077,0.014857996509933802,0.015125909117320369,0.030409829991694837,0.01434491494752077
Spambase,RF,Ensemble,0.0,0.2,0.0,0.0,4601,44,0.9271892555350988,0.00894065561979248,0.9170694997685727,0.010008740902804937,0.9226408632134412,0.00958352576717563,0.8472640972626202,0.018772645707224145,missing,0.2,0.017606256589403513,0.020342465142225263,0.018949106285857553,0.03700271820936729,0.017606256589403513
Spambase,XGB,Boosting,0.0,0.2,0.0,0.0,4601,42,0.9313196903177076,0.003782543510663028,0.9249053977045101,0.005296231666398371,0.927596719344718,0.00413663689641044,0.855823542939859,0.008127965644276064,missing,0.2,0.01905450911894757,0.02119358112583214,0.020218079725412785,0.04007594062468289,0.01905450911894757
Spambase,XGB,Boosting,0.0,0.2,0.0,0.0,4601,43,0.9354484728319881,0.008659974399882815,0.9294716028132447,0.009721975799089594,0.9319855168307299,0.009220071342277314,0.8644267073154257,0.018270397278191932,missing,0.2,0.014925726604667067,0.016627376017097517,0.015829282239400833,0.03147277624911615,0.014925726604667067
Spambase,XGB,Boosting,0.0,0.2,0.0,0.0,4601,44,0.9326247462587925,0.008322401947892263,0.9259890375245605,0.009182577778420086,0.9289379893730263,0.008824344224648815,0.858419169111776,0.017494215977520457,missing,0.2,0.017749453177862584,0.020109941305781698,0.01887680969710448,0.037480314452765895,0.017749453177862584
Spambase,SVM,Kernel,0.0,0.2,0.0,0.0,4601,42,0.9145848085729122,0.004570738022732558,0.904442776966404,0.004633426059053118,0.9093831170889329,0.0047483020437145,0.8204842858443564,0.00963247266872159,missing,0.2,0.018329714078899717,0.02184725301822854,0.019857286818305453,0.038607659452627674,0.018329714078899717
Spambase,SVM,Kernel,0.0,0.2,0.0,0.0,4601,43,0.9174118396827644,0.009984971725524587,0.9069716253688277,0.010465158509209973,0.9122967480841091,0.0105910882881941,0.8264898865751004,0.021165347776758228,missing,0.2,0.015502682969047554,0.019318404615804807,0.01694365582312929,0.03260205872188371,0.015502682969047554
Spambase,SVM,Kernel,0.0,0.2,0.0,0.0,4601,44,0.916539205967049,0.00941652097479239,0.9058694619700963,0.009202180189405227,0.9113447251823434,0.009789072015953847,0.824742299768733,0.019953222975230413,missing,0.2,0.016375316684762997,0.020420568014536178,0.017895678724894948,0.03434964552825104,0.016375316684762997
Spambase,MLP,Neural,0.0,0.2,0.0,0.0,4601,42,0.9139319265448709,0.0044728506959588864,0.9056363491435551,0.004877339751805541,0.9090735257907723,0.004724274033812575,0.8189749293983883,0.009436075298077032,missing,0.2,0.02311208673621934,0.02708442783343601,0.024804632150972172,0.04904349392667984,0.02311208673621934
Spambase,MLP,Neural,0.0,0.2,0.0,0.0,4601,43,0.9219739885757446,0.008255885736272239,0.9153708677283054,0.009417579097137486,0.9177940178440653,0.008806359996101243,0.8359780281615914,0.01741879143135439,missing,0.2,0.015070024705345575,0.017349909248685624,0.01608414009767911,0.03204039516347679,0.015070024705345575
Spambase,MLP,Neural,0.0,0.2,0.0,0.0,4601,44,0.9176271066421187,0.011174347601466132,0.910628990335252,0.013953209075476185,0.9131228631884923,0.0120712574616101,0.8270474223700413,0.023853082814168463,missing,0.2,0.019416906638971554,0.022091786641739053,0.020755294753252107,0.040971000955026926,0.019416906638971554
Spambase,GB,Boosting,0.0,0.2,0.0,0.0,4601,42,0.932841665486475,0.004298693966522637,0.9263561067287643,0.005453238102686544,0.9291835373803232,0.00463252546557388,0.8589877329005209,0.009059718318350951,missing,0.2,0.014851059812113654,0.01662903732106691,0.015773653739765914,0.03129397743575091,0.014851059812113654
Spambase,GB,Boosting,0.0,0.2,0.0,0.0,4601,43,0.9343608081952508,0.0072402695947747404,0.9279928297430597,0.008417437431432865,0.9307889956247252,0.007756956720539629,0.8620831752412551,0.01531258159875838,missing,0.2,0.01333191710333781,0.014992314306771504,0.014168195495363967,0.028198535095016686,0.01333191710333781
Spambase,GB,Boosting,0.0,0.2,0.0,0.0,4601,44,0.9330588207524902,0.009257961264844418,0.9267339474486279,0.010518655026367662,0.9294309854936712,0.009850542808370989,0.8593192663980938,0.019501010411857145,missing,0.2,0.014633904546098364,0.016251196601203333,0.015526205626417933,0.03096244393817804,0.014633904546098364
Bank,LR,Linear,0.0,0.2,0.0,0.0,5000,42,0.89,0.007536577472566716,0.6003523342141689,0.023994006949329016,0.6299166772737778,0.03150681940897357,0.30964191543852687,0.0631877224834647,missing,0.2,0.006133333333333213,0.041286987832854116,0.04677055300141697,0.07601875167007938,0.006133333333333213
Bank,LR,Linear,0.0,0.2,0.0,0.0,5000,43,0.8956000000000002,0.007657675887630665,0.6235425075742176,0.023547070733867255,0.658809707001075,0.02995953525774291,0.3625134861343792,0.059341627170396045,missing,0.2,0.0005333333333330526,0.018096814472805423,0.017877523274119733,0.023147180974227022,0.0005333333333330526
Bank,LR,Linear,0.0,0.2,0.0,0.0,5000,44,0.892,0.004381780460041332,0.6081578921896023,0.011404420844623744,0.6402543265155254,0.014169814300498604,0.3308359287053881,0.02754582173665603,missing,0.2,0.004133333333333211,0.03348142985742075,0.036432903759669344,0.054824738403218165,0.004133333333333211
Bank,RF,Ensemble,0.0,0.2,0.0,0.0,5000,42,0.8894,0.0034985711369071837,0.5703545605017858,0.015325918983826264,0.5923752153179894,0.022092423452602407,0.26515053324064397,0.041120764253486576,missing,0.2,0.006533333333333391,0.03311038192125404,0.04506523528362005,0.07767477519011173,0.006533333333333391
Bank,RF,Ensemble,0.0,0.2,0.0,0.0,5000,43,0.89,0.005403702434442523,0.5744015642090388,0.010399982072636083,0.5986009565882885,0.015391076860192865,0.2790326055664967,0.04556376209488581,missing,0.2,0.005933333333333346,0.029063378214001068,0.038839494013320985,0.06379270286425898,0.005933333333333346
Bank,RF,Ensemble,0.0,0.2,0.0,0.0,5000,44,0.8904,0.0037202150475476583,0.5701793613458392,0.012321085203224016,0.5926925394120726,0.017787037073417715,0.27268839502411524,0.03666439795216976,missing,0.2,0.00553333333333339,0.03328558107720059,0.044747911189536915,0.07013691340664047,0.00553333333333339
Bank,XGB,Boosting,0.0,0.2,0.0,0.0,5000,42,0.8847999999999999,0.006046486583132395,0.6122368382844033,0.013433207128756884,0.6396701302818808,0.017371435571499023,0.30852536623389637,0.037408716290042165,missing,0.2,0.01093333333333335,0.0521609509151979,0.05560734553209401,0.1005158880774773,0.01093333333333335
Bank,XGB,Boosting,0.0,0.2,0.0,0.0,5000,43,0.8905999999999998,0.007657675887630665,0.6318330090697022,0.031311880395688184,0.6615446025808576,0.035522584048227626,0.3511259850141498,0.06524384978349689,missing,0.2,0.005133333333333434,0.03256478012989905,0.033732873233117244,0.05791526929722385,0.005133333333333434
Bank,XGB,Boosting,0.0,0.2,0.0,0.0,5000,44,0.8874000000000001,0.0070597450378891225,0.6092603885355867,0.017391218417846275,0.6383351739849903,0.02230503774032886,0.3132093891803656,0.04733436576527647,missing,0.2,0.008333333333333193,0.05513740066401451,0.05694230182898452,0.09583186513100805,0.008333333333333193
Bank,SVM,Kernel,0.0,0.2,0.0,0.0,5000,42,0.8864000000000001,0.0034985711369071833,0.5590169488244234,0.01024153206080711,0.5758681627846872,0.015423616125141513,0.23230888623111,0.035567821669125387,missing,0.2,0.0037999999999999146,0.0293382763371437,0.04025924671556502,0.06376509346927256,0.0037999999999999146
Bank,SVM,Kernel,0.0,0.2,0.0,0.0,5000,43,0.8868,0.004915282290977807,0.5740724608221777,0.021011184940090327,0.59561436671138,0.029594795924906436,0.2571673125429984,0.05171647705639901,missing,0.2,0.0033999999999999586,0.014282764339389464,0.020513042788872227,0.03890666715738417,0.0033999999999999586
Bank,SVM,Kernel,0.0,0.2,0.0,0.0,5000,44,0.8856000000000002,0.002332380757938122,0.5496665408330188,0.008430476778824138,0.561493508995346,0.013180326286249738,0.21135067227474855,0.02477838785678471,missing,0.2,0.0045999999999998264,0.03868868432854833,0.05463390050490624,0.08472330742563403,0.0045999999999998264
Bank,MLP,Neural,0.0,0.2,0.0,0.0,5000,42,0.8880000000000001,0.005727128425310546,0.5717861602346314,0.03349933672622576,0.5905907776270984,0.05067719208725278,0.2494123311185072,0.09112727802518791,missing,0.2,0.0029999999999998916,0.047421539494019616,0.05609590735515779,0.08476270472575764,0.0029999999999998916
Bank,MLP,Neural,0.0,0.2,0.0,0.0,5000,43,0.8892,0.008634813257969168,0.6021236847963914,0.029966706401418755,0.6306910528703524,0.03850949819150688,0.30763554922963043,0.07451816193692833,missing,0.2,0.0018000000000000238,0.017084014932259528,0.0159956321119038,0.0265394866146344,0.0018000000000000238
Bank,MLP,Neural,0.0,0.2,0.0,0.0,5000,44,0.8888,0.005810335618533585,0.5752049636534348,0.05278221135052472,0.588224974194544,0.07871671092800088,0.23317342318999765,0.145125816216337,missing,0.2,0.0021999999999999797,0.04400273607521621,0.05846171078771223,0.10100161265426719,0.0021999999999999797
Bank,GB,Boosting,0.0,0.2,0.0,0.0,5000,42,0.8846,0.005748043145279971,0.6180551925738789,0.019171978622751787,0.6446921794938785,0.022254567198676783,0.315276599210627,0.042627961580946026,missing,0.2,0.00979999999999992,0.047811946452943066,0.05028727958604595,0.09071938042793576,0.00979999999999992
Bank,GB,Boosting,0.0,0.2,0.0,0.0,5000,43,0.8888,0.008541662601625057,0.6382282622373223,0.026167107760265377,0.6663752510438736,0.028576606748181597,0.35568661715724975,0.05644147939677983,missing,0.2,0.005599999999999938,0.02763887678949961,0.028604208036050793,0.050309362481313014,0.005599999999999938
Bank,GB,Boosting,0.0,0.2,0.0,0.0,5000,44,0.8897999999999999,0.009785703858180063,0.6247069527930229,0.017525676202951427,0.6557637317233445,0.02280958911595499,0.3446177226496449,0.05155578314684842,missing,0.2,0.0046000000000000485,0.04116018623379902,0.039215727356579966,0.061378256988917856,0.0046000000000000485
Wine,LR,Linear,0.0,0.2,0.0,0.0,178,42,0.9328571428571429,0.045319058710309834,0.9355555555555555,0.04986603368218437,0.9331232614567669,0.04624896727819491,0.9009244496602168,0.06758329713036049,missing,0.2,0.05227513227513203,0.0502292768959437,0.051749225522833564,0.07719378464716231,0.05227513227513203
Wine,LR,Linear,0.0,0.2,0.0,0.0,178,43,0.9274603174603173,0.037305302077776235,0.93,0.0383536211061307,0.9280197175366431,0.03774206773890972,0.8928234397159175,0.05473741403881498,missing,0.2,0.05767195767195765,0.05578483245149912,0.05685276944295736,0.08529479459146161,0.05767195767195765
Wine,LR,Linear,0.0,0.2,0.0,0.0,178,44,0.943968253968254,0.01732705276062882,0.9471669071669071,0.012549664815421043,0.9451937281387572,0.016160656995872977,0.9173095483317129,0.025283561870119844,missing,0.2,0.04116402116402096,0.03861792528459207,0.039678758840843265,0.06080868597566624,0.04116402116402096
Wine,RF,Ensemble,0.0,0.2,0.0,0.0,178,42,0.9552380952380952,0.02198627575310471,0.957907647907648,0.02106562680067276,0.9566314397122863,0.023039308721519533,0.9337417924169753,0.032840809662470674,missing,0.2,0.027936507936508037,0.027542087542087423,0.027099306907349296,0.041335843523821025,0.027936507936508037
Wine,RF,Ensemble,0.0,0.2,0.0,0.0,178,43,0.9325396825396826,0.046413306403852224,0.9347619047619048,0.04231401884099631,0.9339742357528202,0.04373160656365553,0.898844953508726,0.06947332605522401,missing,0.2,0.0506349206349207,0.05068783068783067,0.04975651086681532,0.07623268243207038,0.0506349206349207
Wine,RF,Ensemble,0.0,0.2,0.0,0.0,178,44,0.954920634920635,0.014138572026440229,0.9591005291005292,0.014891712746880283,0.9550468603069671,0.014885160216504361,0.9330629932114392,0.02140078671316623,missing,0.2,0.02825396825396831,0.026349206349206233,0.028683886312668494,0.04201464272935718,0.02825396825396831
Wine,XGB,Boosting,0.0,0.2,0.0,0.0,178,42,0.9384126984126985,0.040656616232006226,0.9436219336219336,0.03704917375153701,0.9390831270762545,0.041958392323094985,0.9102992274783179,0.05860502900320184,missing,0.2,0.01857142857142846,0.01532788199454882,0.018057964526972392,0.025745925333512276,0.01857142857142846
Wine,XGB,Boosting,0.0,0.2,0.0,0.0,178,43,0.9493650793650794,0.037910929811115976,0.950952380952381,0.03619047619047618,0.9500688758934374,0.036332970243833244,0.924975064112753,0.05553655134522657,missing,0.2,0.007619047619047525,0.00799743466410141,0.007072215709789553,0.011070088699077218,0.007619047619047525
Wine,XGB,Boosting,0.0,0.2,0.0,0.0,178,44,0.9606349206349206,0.013879588722983607,0.960846560846561,0.018075579531617376,0.9611493300641112,0.013644452249019876,0.941674441284196,0.02078504647633087,missing,0.2,-0.0036507936507936822,-0.0018967452300785448,-0.0040082384608842725,-0.005629288472365768,-0.0036507936507936822
Wine,SVM,Kernel,0.0,0.2,0.0,0.0,178,42,0.9385714285714286,0.0368089728016146,0.9422222222222223,0.03876202176184517,0.9399886244783271,0.03681154679114002,0.9093340504240242,0.055306959296756004,missing,0.2,0.044603174603174534,0.03976110309443637,0.042843455242438266,0.06569508110682476,0.044603174603174534
Wine,SVM,Kernel,0.0,0.2,0.0,0.0,178,43,0.9326984126984126,0.02232064372517905,0.9320634920634919,0.024080992087000524,0.9324073439499937,0.02151126074074851,0.9002426729896778,0.03358840327477661,missing,0.2,0.05047619047619056,0.049919833253166734,0.05042473577077167,0.07478645854117116,0.05047619047619056
Wine,SVM,Kernel,0.0,0.2,0.0,0.0,178,44,0.954920634920635,0.014138572026440229,0.9548388648388648,0.0192003463025704,0.9544798025659963,0.015541726223005491,0.9331634399197644,0.021300961386368212,missing,0.2,0.028253968253968198,0.02714446047779384,0.028352277154769068,0.041865691611084555,0.028253968253968198
Wine,MLP,Neural,0.0,0.2,0.0,0.0,178,42,0.8317460317460318,0.09489355668339759,0.8444444444444444,0.08380741940599933,0.8331940344634308,0.09659123642583416,0.762339404416547,0.13277460288469323,missing,0.2,0.08772486772486765,0.07930254930254943,0.08781662048014904,0.12065289980679794,0.08772486772486765
Wine,MLP,Neural,0.0,0.2,0.0,0.0,178,43,0.877142857142857,0.07325254947120434,0.8817460317460316,0.07512482264253478,0.8792265441085767,0.07081519999595338,0.8170506273744851,0.10906821234402217,missing,0.2,0.04232804232804244,0.04200096200096226,0.04178411083500311,0.06594167684885988,0.04232804232804244
Wine,MLP,Neural,0.0,0.2,0.0,0.0,178,44,0.8536507936507937,0.10033780183559077,0.8637806637806638,0.09547511936902055,0.8546624250855107,0.10203699302278632,0.7951598883284986,0.13583292902071592,missing,0.2,0.06582010582010578,0.05996632996633011,0.0663482298580691,0.08783241589484636,0.06582010582010578
Wine,GB,Boosting,0.0,0.2,0.0,0.0,178,42,0.8820634920634921,0.06056257630565287,0.8874314574314575,0.05876777108744195,0.883838105425356,0.05903493990618454,0.8261715834207447,0.09098995431174793,missing,0.2,0.048730158730158735,0.041454224787558114,0.04812005915086459,0.07245609900532823,0.048730158730158735
Wine,GB,Boosting,0.0,0.2,0.0,0.0,178,43,0.9266666666666665,0.050148682939880715,0.9246560846560847,0.040948210826331134,0.9259740971949884,0.046542948764558695,0.8911317259626541,0.07492350151535106,missing,0.2,0.004126984126984312,0.0042295975629308424,0.00598406738123225,0.007495956463418829,0.004126984126984312
Wine,GB,Boosting,0.0,0.2,0.0,0.0,178,44,0.9496825396825397,0.020448486241508475,0.9502116402116403,0.022741723088583715,0.9486505711458252,0.020840036245542082,0.926117820869772,0.029855309674033704,missing,0.2,-0.018888888888888844,-0.02132595799262471,-0.01669240656960458,-0.027490138443699075,-0.018888888888888844
BreastCancer,LR,Linear,0.0,0.2,0.0,0.0,569,42,0.968390001552554,0.008897014690510305,0.96336877856285,0.009755876541565027,0.9660159975149274,0.009423939428521558,0.93293912457635,0.01877312241686402,missing,0.2,0.007033069399161707,0.0075342667547056985,0.007434247857182941,0.015030675107623459,0.007033069399161707
BreastCancer,LR,Linear,0.0,0.2,0.0,0.0,569,43,0.9701599130569788,0.018044430977841128,0.9666114906493224,0.024992534356145752,0.967726153321426,0.020057022149186428,0.9365291609074123,0.03872175217780787,missing,0.2,0.0052631578947368585,0.004291554668233277,0.0057240920506843596,0.011440638776561096,0.0052631578947368585
BreastCancer,LR,Linear,0.0,0.2,0.0,0.0,569,44,0.9630957925787922,0.015085089089243005,0.9591434264501737,0.02122025631446066,0.9602460403434965,0.016663565763915467,0.9216755870902649,0.03215231898411499,missing,0.2,0.012327278372923467,0.011759618867381971,0.013204205028613858,0.026294212593708566,0.012327278372923467
BreastCancer,RF,Ensemble,0.0,0.2,0.0,0.0,569,42,0.9438130725042695,0.018821885035689625,0.9408503345655328,0.015824546809475346,0.9401382177200037,0.01951244984425859,0.8822005191111251,0.037902966896445914,missing,0.2,0.017538684469285415,0.01663651157591539,0.018380233093045484,0.0364978450087966,0.017538684469285415
BreastCancer,RF,Ensemble,0.0,0.2,0.0,0.0,569,43,0.9613414066138798,0.004248157574470418,0.960561300620259,0.007241492307094746,0.9587826500159039,0.004662565078040888,0.9181655295720329,0.009748393757326187,missing,0.2,1.0350359675115328e-05,-0.0030744544788108286,-0.000264199202854698,0.0005328345478887719,1.0350359675115328e-05
BreastCancer,RF,Ensemble,0.0,0.2,0.0,0.0,569,44,0.9455053563111318,0.010306315750088097,0.9413025309479617,0.014393753679104247,0.9415565111717026,0.011272067880372138,0.8845561382687839,0.022011312879678894,missing,0.2,0.015846400662423155,0.01618431519348651,0.016961939641346624,0.0341422258511378,0.015846400662423155
BreastCancer,XGB,Boosting,0.0,0.2,0.0,0.0,569,42,0.9525850023288308,0.01181649618049217,0.9488259661327136,0.013987928106699321,0.9491906842122955,0.012596822661762338,0.9006037280917478,0.023921883689367596,missing,0.2,0.014614707861098197,0.013573451908695855,0.015455115350325621,0.030016979897889984,0.014614707861098197
BreastCancer,XGB,Boosting,0.0,0.2,0.0,0.0,569,43,0.9613724576929048,0.011843921143898482,0.9596832935598083,0.012782119990608253,0.9587777183906049,0.012496193119656685,0.9189441525719889,0.024436194498357135,missing,0.2,0.0058272524970242046,0.00271612448160119,0.005868081172016204,0.011676555417648893,0.0058272524970242046
BreastCancer,XGB,Boosting,0.0,0.2,0.0,0.0,569,44,0.9490141282409563,0.010343249123067165,0.9430328742480724,0.015468813251407885,0.9450876727560475,0.01152225591845399,0.8912123032492353,0.022614856719498002,missing,0.2,0.018185581948972684,0.019366543793337132,0.01955812680657354,0.039408404740402525,0.018185581948972684
BreastCancer,SVM,Kernel,0.0,0.2,0.0,0.0,569,42,0.9596180717279925,0.016226038378595663,0.9573219029941924,0.016312106012977355,0.9568894839200709,0.01724389452051609,0.914539628630172,0.03430616888695069,missing,0.2,0.015794648864048133,0.014773589859571001,0.01668216485919083,0.03316273058116748,0.015794648864048133
BreastCancer,SVM,Kernel,0.0,0.2,0.0,0.0,569,43,0.9701754385964912,0.016269506132448614,0.9637297947894081,0.020184615224725,0.9676913215826367,0.01772352834022985,0.9366208870283806,0.03471072586772874,missing,0.2,0.005237281995549403,0.008365698064355276,0.005880327196625013,0.011081472182958851,0.005237281995549403
BreastCancer,SVM,Kernel,0.0,0.2,0.0,0.0,569,44,0.9630957925787922,0.006548870589462543,0.9591076172799067,0.01251569838765104,0.9603058790938114,0.007457249769022935,0.9218143419939834,0.014491784751878822,missing,0.2,0.012316928013248463,0.012987875573856722,0.013265769685450346,0.02588801721735612,0.012316928013248463
BreastCancer,MLP,Neural,0.0,0.2,0.0,0.0,569,42,0.9561092997981678,0.01917587033296461,0.9486113060793704,0.02445730925766133,0.9523959290177176,0.021203840378779083,0.9064849637979085,0.04174099641901377,missing,0.2,-0.009408476944573807,-0.010592712173124963,-0.010215470573809893,-0.020625069142696018,-0.009408476944573807
BreastCancer,MLP,Neural,0.0,0.2,0.0,0.0,569,43,0.9490451793199813,0.02902190558692565,0.9390516873852937,0.03580908029283123,0.9443129793100994,0.0326419342925424,0.890342816522778,0.06316743090204895,missing,0.2,-0.0023443564663873095,-0.0010330934790482305,-0.002132520866191645,-0.0044829218675654925,-0.0023443564663873095
BreastCancer,MLP,Neural,0.0,0.2,0.0,0.0,569,44,0.9296227293898462,0.02805949100962499,0.9152654297880304,0.03161340208425491,0.9230806204303038,0.03087185379972971,0.8492026708710576,0.0612016979476465,missing,0.2,0.01707809346374778,0.02275316411821504,0.01909983801360393,0.036657223784154924,0.01707809346374778
BreastCancer,GB,Boosting,0.0,0.2,0.0,0.0,569,42,0.9403043005744449,0.021700128275214912,0.9353374120693152,0.025024347325060304,0.9359134802002623,0.023424730320318724,0.875252938191385,0.044301723862561565,missing,0.2,0.01576359778502312,0.015678784160605197,0.01684089552050827,0.03135815292720534,0.01576359778502312
BreastCancer,GB,Boosting,0.0,0.2,0.0,0.0,569,43,0.9455364073901567,0.012829451393968287,0.9442787214241521,0.012661824227017416,0.9420390252917423,0.013608033712204183,0.8849645920590931,0.02734349347549278,missing,0.2,0.010531490969311386,0.006737474805768251,0.01071535042902827,0.021646499059497337,0.010531490969311386
BreastCancer,GB,Boosting,0.0,0.2,0.0,0.0,569,44,0.9367179009470579,0.015151478929376455,0.9285913803232834,0.022827157934371158,0.9315071480155088,0.01730543362295493,0.8649610389823132,0.0325534095348711,missing,0.2,0.01934999741241017,0.02242481590663703,0.021247227705261773,0.04165005213627715,0.01934999741241017
Digits,LR,Linear,0.0,0.2,0.0,0.0,1797,42,0.8463927576601671,0.020002318494120715,0.8463926184278664,0.02000606769098312,0.8463645734510582,0.019986358611266675,0.6930654036654756,0.0402479896167426,missing,0.2,0.046391210151655815,0.04641230353474557,0.046405835168189635,0.09278451604833149,0.046391210151655815
Digits,LR,Linear,0.0,0.2,0.0,0.0,1797,43,0.8391597028783659,0.01769834276617385,0.8391702933218103,0.01766273151116136,0.8390436114592601,0.01775377052159797,0.6792652277966853,0.03499446576077746,missing,0.2,0.053624264933456955,0.05363462864080171,0.05372679715998774,0.10658469191712183,0.053624264933456955
Digits,LR,Linear,0.0,0.2,0.0,0.0,1797,44,0.8286196224079234,0.02610699530189224,0.8286239458693855,0.02609253850602218,0.828581277525819,0.0260703877771108,0.6576183714044387,0.05256577801519343,missing,0.2,0.06416434540389948,0.06418097609322648,0.06418913109342883,0.12823154830936845,0.06416434540389948
Digits,RF,Ensemble,0.0,0.2,0.0,0.0,1797,42,0.9488037759207675,0.005159996749020342,0.9487955389569637,0.0051588897997117905,0.9488011006970674,0.005159292998170543,0.8976551239191662,0.010340287163796215,missing,0.2,0.02893892499742101,0.028944846262973334,0.028940260380025173,0.057896168401028625,0.02893892499742101
Digits,RF,Ensemble,0.0,0.2,0.0,0.0,1797,43,0.9471200866604766,0.011190839015993997,0.9471350110257175,0.011218508247885681,0.9471168094584058,0.011193420337079006,0.8943777560279675,0.022429069392966617,missing,0.2,0.030622614257711844,0.030605374194219492,0.030624551618686713,0.061173536292227326,0.030622614257711844
Digits,RF,Ensemble,0.0,0.2,0.0,0.0,1797,44,0.9393546889507892,0.016586750649659237,0.9393477507879187,0.01661988051591149,0.9393445716279152,0.016593564847189133,0.878931485820352,0.033225921032975704,missing,0.2,0.03838801196739927,0.03839263443201835,0.03839678944917735,0.0766198064998429,0.03838801196739927
Digits,XGB,Boosting,0.0,0.2,0.0,0.0,1797,42,0.9393469514082329,0.013414189397787202,0.9393448871878762,0.01341296053859845,0.9393381790833194,0.013413183055674347,0.8789365712458211,0.026872988236804455,missing,0.2,0.030785618487568223,0.030783237479894532,0.030792355336912935,0.061409702185087234,0.030785618487568223
Digits,XGB,Boosting,0.0,0.2,0.0,0.0,1797,43,0.9454549675023213,0.009466317894358854,0.9454744830944714,0.009502636769929454,0.9454519504309363,0.009465708803576858,0.8910752264653864,0.01911730458592721,missing,0.2,0.024677602393479825,0.024653641573299412,0.02467858398929601,0.04927104696552198,0.024677602393479825
Digits,XGB,Boosting,0.0,0.2,0.0,0.0,1797,44,0.9293361188486537,0.009338822941715688,0.9293538895233393,0.009342543292345911,0.9293347840582854,0.009337543671855101,0.8587595397080635,0.018738201629465913,missing,0.2,0.04079645104714735,0.04077423514443146,0.040795750361946936,0.08158673372284486,0.04079645104714735
Digits,SVM,Kernel,0.0,0.2,0.0,0.0,1797,42,0.9549365521510369,0.014191468125086665,0.9549407560590005,0.0142046968592201,0.954927592016453,0.014197472486022942,0.9101822394333231,0.028293175433320234,missing,0.2,0.025776849272670987,0.02577706444986283,0.02578455923497891,0.051326822186296917,0.025776849272670987
Digits,SVM,Kernel,0.0,0.2,0.0,0.0,1797,43,0.9582559579077685,0.009504507019624034,0.9582772273492666,0.009524278839352507,0.9582527925470842,0.00950474398378577,0.9167168664675991,0.01908542907142393,missing,0.2,0.022457443515939368,0.02244059315959679,0.022459358704347787,0.04479219515202093,0.022457443515939368
Digits,SVM,Kernel,0.0,0.2,0.0,0.0,1797,44,0.9538207985143918,0.009191294412338907,0.9538295420640555,0.00920571729498891,0.953819236739959,0.009192519318984061,0.9077128898803128,0.018428310021796783,missing,0.2,0.026892602909316055,0.0268882784448079,0.02689291451147291,0.053796171739307175,0.026892602909316055
Digits,MLP,Neural,0.0,0.2,0.0,0.0,1797,42,0.9248622717424946,0.016195131944391556,0.9248692346471599,0.016215893270467057,0.9248565857213947,0.01619804351058415,0.8498543464919178,0.03243312307569791,missing,0.2,0.03878365831012076,0.0387834329591793,0.038788132593275626,0.0775050121491263,0.03878365831012076
Digits,MLP,Neural,0.0,0.2,0.0,0.0,1797,43,0.94099040544723,0.017874130342476133,0.9410021742783556,0.017870695064037993,0.9409857104364228,0.01787728214011811,0.8821214492529282,0.03566097494222511,missing,0.2,0.022655524605385335,0.022650493327983523,0.022659007878247595,0.04523790938811589,0.022655524605385335
Digits,MLP,Neural,0.0,0.2,0.0,0.0,1797,44,0.9332281027545652,0.00892483806531428,0.933245916369161,0.008916837835884268,0.9332097069482697,0.008930073726349646,0.8669640853921263,0.01772553010472366,missing,0.2,0.030417827298050093,0.030406751237178176,0.0304350113664007,0.0603952732489178,0.030417827298050093
Digits,GB,Boosting,0.0,0.2,0.0,0.0,1797,42,0.93545341999381,0.01127403337237637,0.9354621370344077,0.01127400432698153,0.9354489227508969,0.011274812907749862,0.871042765831957,0.02253865686595503,missing,0.2,0.031711028577323774,0.03169784046832724,0.031712714406157194,0.06338718684482358,0.031711028577323774
Digits,GB,Boosting,0.0,0.2,0.0,0.0,1797,43,0.9415583410708759,0.009376760029929354,0.9415545232877557,0.009406561616772691,0.9415465126087955,0.009390014666547663,0.8833857991473705,0.01856104104033461,missing,0.2,0.025606107500257935,0.025605454214979284,0.02561512454825854,0.05104415352941016,0.025606107500257935
Digits,GB,Boosting,0.0,0.2,0.0,0.0,1797,44,0.933774373259053,0.010481390644022348,0.9337952303054623,0.010462898931696343,0.933771395693962,0.010481387641689138,0.8676897821178894,0.020925571547985546,missing,0.2,0.033390075312080825,0.03336474719727267,0.03339024146309211,0.06674017055889125,0.033390075312080825
Spambase,LR,Linear,0.0,0.3,0.0,0.0,4601,42,0.8895895293395647,0.010901007434165094,0.8778368804564506,0.01223249912608379,0.8827254763090362,0.011763736017601249,0.7672934000760421,0.02321091881657405,missing,0.3,0.035645250121953076,0.04044053582238061,0.03841564064260994,0.07571396051904289,0.035645250121953076
Spambase,LR,Linear,0.0,0.3,0.0,0.0,4601,43,0.8982840013218147,0.006230312741456432,0.8868506355417833,0.0071336212935978124,0.8919509053205994,0.006724251038936592,0.7857734915168337,0.013107225034348576,missing,0.3,0.026950778139703035,0.031426780737047855,0.029190211631046736,0.05723386907825123,0.026950778139703035
Spambase,LR,Linear,0.0,0.3,0.0,0.0,4601,44,0.898500448472832,0.0031907629675948096,0.8875079211068563,0.005019496879403609,0.8922703081380849,0.0036798235533102588,0.786433448716689,0.006829158781200378,missing,0.3,0.026734330988685828,0.030769495171974914,0.02887080881356119,0.056573911878396,0.026734330988685828
Spambase,RF,Ensemble,0.0,0.3,0.0,0.0,4601,42,0.9132811688618231,0.005272559404979976,0.9024029581632732,0.006445099316484809,0.907843714873159,0.005759146491522134,0.8177157861965376,0.01105415639388712,missing,0.3,0.03151434326267921,0.03500900674752472,0.03374625462613978,0.06655102927544987,0.03151434326267921
Spambase,RF,Ensemble,0.0,0.3,0.0,0.0,4601,43,0.9169746966907427,0.004536797305443298,0.9066127323816083,0.005023589454671204,0.9118511985761067,0.00485193387324403,0.8254599746535458,0.009539642864089697,missing,0.3,0.027820815433759583,0.03079923252918959,0.029738770923191993,0.058806840818441675,0.027820815433759583
Spambase,RF,Ensemble,0.0,0.3,0.0,0.0,4601,44,0.9191479016192229,0.007674705010998135,0.9080188860681329,0.008921994619744198,0.913968983309085,0.008292774064421804,0.8302656926355205,0.016084767609484157,missing,0.3,0.025647610505279417,0.029393078842665066,0.027620986190213692,0.054001122836466964,0.025647610505279417
Spambase,XGB,Boosting,0.0,0.3,0.0,0.0,4601,42,0.9206722371713166,0.0075899120689580345,0.9136164642604158,0.008505394772979794,0.916354939155249,0.008085494627417918,0.8332548096455172,0.016068522847865252,missing,0.3,0.0297019622653385,0.03248251456992646,0.03145985991488176,0.06264467391902462,0.0297019622653385
Spambase,XGB,Boosting,0.0,0.3,0.0,0.0,4601,43,0.9226263985271208,0.005102596094774805,0.9148382837076676,0.005928118458166596,0.9182714832578502,0.005479918151052858,0.8373141141013996,0.010793801671252455,missing,0.3,0.027747800909534326,0.0312606951226746,0.029543315812280535,0.0585853694631423,0.027747800909534326
Spambase,XGB,Boosting,0.0,0.3,0.0,0.0,4601,44,0.9239314544682056,0.006605453458344468,0.9164966207835002,0.007023918190407012,0.9197087023097705,0.00698230520258475,0.8400429814197409,0.013928403422711821,missing,0.3,0.02644274496844956,0.02960235804684197,0.028106096760360244,0.05585650214480098,0.02644274496844956
Spambase,SVM,Kernel,0.0,0.3,0.0,0.0,4601,42,0.8980673181324648,0.007359754720465873,0.8865725179112299,0.006761511813095506,0.8917327787361072,0.007536483855969247,0.7853942008117616,0.015591655119524725,missing,0.3,0.0348472045193472,0.03971751207340257,0.037507625171131154,0.07369774448522248,0.0348472045193472
Spambase,SVM,Kernel,0.0,0.3,0.0,0.0,4601,43,0.9045883491479015,0.007996903550148243,0.8921428077339908,0.007927809170895124,0.8983541731517544,0.008387209338610833,0.7994096137105207,0.017114589835356225,missing,0.3,0.028326173503910423,0.03414722225064171,0.030886230755484023,0.05968233158646341,0.028326173503910423
Spambase,SVM,Kernel,0.0,0.3,0.0,0.0,4601,44,0.9078468583297928,0.00718042843718232,0.8948400501961007,0.0074553280449214466,0.901647853888733,0.00756351299595115,0.8065705001973761,0.015286227778788722,missing,0.3,0.025067664322019123,0.03144997978853181,0.027592550018505357,0.05252144509960799,0.025067664322019123
Spambase,MLP,Neural,0.0,0.3,0.0,0.0,4601,42,0.9076322994854363,0.011219919902606647,0.9006336015199553,0.012339728440531862,0.9027354516567583,0.011879268022226363,0.8059367614103315,0.023599618371899535,missing,0.3,0.029411713795653882,0.032087175457035766,0.031142706284986166,0.06208166191473663,0.029411713795653882
Spambase,MLP,Neural,0.0,0.3,0.0,0.0,4601,43,0.9115399140820468,0.007110080204354892,0.9026064853694005,0.0073184777229612225,0.9064445740720366,0.007469365350860554,0.81384931408196,0.015003273497948864,missing,0.3,0.025504099199043395,0.030114291607590604,0.027433583869707845,0.05416910924310814,0.025504099199043395
Spambase,MLP,Neural,0.0,0.3,0.0,0.0,4601,44,0.9102362743709579,0.00824451640772195,0.90346827906275,0.010263515702330788,0.9054672109909253,0.00880048161425376,0.8118757533751451,0.01739133036123255,missing,0.3,0.026807738910132328,0.029252497914241116,0.028410946950819138,0.05614266994992312,0.026807738910132328
Spambase,GB,Boosting,0.0,0.3,0.0,0.0,4601,42,0.9228444979464665,0.004581236652109926,0.9154072611873115,0.004365702957775957,0.9185751691621391,0.004729706534671943,0.8378012752774051,0.009632638849855915,missing,0.3,0.02484822735212211,0.02757788286251972,0.02638202195795003,0.05248043505886668,0.02484822735212211
Spambase,GB,Boosting,0.0,0.3,0.0,0.0,4601,43,0.9219732804607468,0.004426678937207478,0.9136233891850111,0.0051712562416360765,0.9174865248712841,0.004760273522829251,0.8359435463002534,0.009389635915298492,missing,0.3,0.02571944483784183,0.029361754864820178,0.02747066624880501,0.05433816403601843,0.02571944483784183
Spambase,GB,Boosting,0.0,0.3,0.0,0.0,4601,44,0.9230621252891471,0.006098574980165764,0.915391326663699,0.005622167420846001,0.9187676933486273,0.0062758622857865395,0.8382672292749873,0.012820260087793774,missing,0.3,0.024630600009441506,0.027593817386132202,0.026189497771461845,0.05201448106128448,0.024630600009441506
Bank,LR,Linear,0.0,0.3,0.0,0.0,5000,42,0.8876000000000002,0.005314132102234573,0.5863886710998829,0.01835156413488108,0.6123191462605092,0.02356278862745607,0.2808800891970836,0.0464410398440807,missing,0.3,0.00853333333333306,0.0552506509471401,0.06436808401468552,0.10478057791152262,0.00853333333333306
Bank,LR,Linear,0.0,0.3,0.0,0.0,5000,43,0.8928,0.006794115100585218,0.6115766956084057,0.021484617246017062,0.6439461924257853,0.02726343855649358,0.3377438826011093,0.04963541168809718,missing,0.3,0.0033333333333331883,0.030062626438617346,0.032741037849409405,0.04791678450749692,0.0033333333333331883
Bank,LR,Linear,0.0,0.3,0.0,0.0,5000,44,0.8916000000000001,0.005003998401278726,0.598292534192874,0.011252282141563309,0.6291940430831725,0.015342835712351198,0.31661236309502383,0.035629878665387374,missing,0.3,0.004533333333333167,0.04334678785414903,0.047493187192022224,0.06904830401358242,0.004533333333333167
Bank,RF,Ensemble,0.0,0.3,0.0,0.0,5000,42,0.8878,0.00479165942028438,0.5642584042357541,0.01839783008912483,0.5829654131872191,0.026909033059854745,0.2472440127112124,0.05083999116119034,missing,0.3,0.008133333333333326,0.0392065381872857,0.054475037414390415,0.0955812957195433,0.008133333333333326
Bank,RF,Ensemble,0.0,0.3,0.0,0.0,5000,43,0.8860000000000001,0.004427188724235735,0.5602733494013221,0.017158601306855887,0.5769461980895818,0.024241160723786286,0.2319730360652505,0.04553210924648418,missing,0.3,0.009933333333333239,0.04319159302171771,0.06049425251202767,0.11085227236550521,0.009933333333333239
Bank,RF,Ensemble,0.0,0.3,0.0,0.0,5000,44,0.8872,0.0016000000000000014,0.5542797959559002,0.009842570391196934,0.5684224757833333,0.015002258269080382,0.23063455717098374,0.015420147811904273,missing,0.3,0.00873333333333337,0.04918514646713967,0.0690179748182762,0.11219075125977196,0.00873333333333337
Bank,XGB,Boosting,0.0,0.3,0.0,0.0,5000,42,0.884,0.005549774770204649,0.5954719245772473,0.013858497081589176,0.6213775944706235,0.018504856600897752,0.28116182568330605,0.04007997868756796,missing,0.3,0.011733333333333262,0.06892586462235395,0.07389988134335135,0.12787942862806762,0.011733333333333262
Bank,XGB,Boosting,0.0,0.3,0.0,0.0,5000,43,0.8889999999999999,0.0038470768123342724,0.6101663908005924,0.016535043097111752,0.6400022938657735,0.020060095885838625,0.3192707167676298,0.03634672404055548,missing,0.3,0.006733333333333369,0.05423139839900881,0.05527518194820136,0.08977053754374387,0.006733333333333369
Bank,XGB,Boosting,0.0,0.3,0.0,0.0,5000,44,0.8867999999999998,0.0054918120870983975,0.5970574285410072,0.0077635856825972295,0.62500766286153,0.011531698907077495,0.29502700351939637,0.03130694709113344,missing,0.3,0.00893333333333346,0.06734036065859406,0.07026981295244483,0.1140142507919773,0.00893333333333346
Bank,SVM,Kernel,0.0,0.3,0.0,0.0,5000,42,0.885,0.0036331804249169933,0.5500682405552167,0.007782458013055964,0.5621259504572593,0.011795090033944286,0.2117875736681945,0.02954067668804216,missing,0.3,0.005199999999999982,0.03828698460635038,0.054001459042992916,0.08428640603218807,0.005199999999999982
Bank,SVM,Kernel,0.0,0.3,0.0,0.0,5000,43,0.8864000000000001,0.007144228439796708,0.5693972568264754,0.01958286775915145,0.5898166861290755,0.028692573827568416,0.24979782259208877,0.05845431884201097,missing,0.3,0.0037999999999999146,0.01895796833509178,0.026310723371176792,0.0462761571082938,0.0037999999999999146
Bank,SVM,Kernel,0.0,0.3,0.0,0.0,5000,44,0.8824,0.0025768197453450276,0.5359913271578052,0.006035627167337396,0.539553248159174,0.01036509180604468,0.16586247554761288,0.018635172359032056,missing,0.3,0.007800000000000029,0.052363898003761955,0.0765741613410782,0.1302115041527697,0.007800000000000029
Bank,MLP,Neural,0.0,0.3,0.0,0.0,5000,42,0.8846,0.00560713830755048,0.5802412134235463,0.01994453738607926,0.6032702755431911,0.02660358910570132,0.2580503627651532,0.051500603981823094,missing,0.3,0.006399999999999961,0.038966486305104686,0.04341640943906511,0.07612467307911164,0.006399999999999961
Bank,MLP,Neural,0.0,0.3,0.0,0.0,5000,43,0.8918000000000001,0.007678541528180994,0.6065617407633263,0.022918042566163067,0.6375988822842189,0.02880305185237463,0.32819735763057817,0.05320249655592348,missing,0.3,-0.0008000000000001339,0.012645958965324722,0.009087802698037328,0.005977678213686666,-0.0008000000000001339
Bank,MLP,Neural,0.0,0.3,0.0,0.0,5000,44,0.8886,0.0046303347611160945,0.5632285042251067,0.039165409170692486,0.576036788699675,0.062039208122676895,0.2222314803841622,0.12664228044293224,missing,0.3,0.0024000000000000687,0.05597919550354424,0.07064989628258123,0.11194355546010262,0.0024000000000000687
Bank,GB,Boosting,0.0,0.3,0.0,0.0,5000,42,0.8837999999999999,0.009785703858180063,0.6064804328677489,0.025924768772879008,0.6326990659053305,0.03343672349073979,0.29637589027156974,0.06947495265796728,missing,0.3,0.010600000000000054,0.059386706159073044,0.062280393174593884,0.10962008936699302,0.010600000000000054
Bank,GB,Boosting,0.0,0.3,0.0,0.0,5000,43,0.8917999999999999,0.004578209256903843,0.6288052579105807,0.022865415791061328,0.6601698507125716,0.024556784763025558,0.35326737964189625,0.042517552401587014,missing,0.3,0.0026000000000000467,0.0370618811162412,0.03480960836735281,0.052728599996666514,0.0026000000000000467
Bank,GB,Boosting,0.0,0.3,0.0,0.0,5000,44,0.8834,0.006945502141674141,0.594390723156295,0.011305828155336007,0.6195430947990033,0.01386638547133744,0.28006609170103103,0.02945112238995725,missing,0.3,0.01100000000000001,0.07147641587052689,0.07543636428092115,0.12592988793753174,0.01100000000000001
Wine,LR,Linear,0.0,0.3,0.0,0.0,178,42,0.9385714285714286,0.0368089728016146,0.9430158730158731,0.035466157453479384,0.9392761885774361,0.03619621552171728,0.9125997859220021,0.05130975776908549,missing,0.3,0.04656084656084636,0.042768959435626086,0.04559629840216439,0.06551844838537701,0.04656084656084636
Wine,LR,Linear,0.0,0.3,0.0,0.0,178,43,0.9219047619047618,0.044087569470418975,0.9233333333333335,0.04595943965305143,0.9218413371126488,0.044916066498585545,0.8842961931349068,0.06537977539791102,missing,0.3,0.06322751322751319,0.06245149911816572,0.06303114986695169,0.09382204117247228,0.06322751322751319
Wine,LR,Linear,0.0,0.3,0.0,0.0,178,44,0.9552380952380952,0.033176501806381646,0.9552621452621451,0.032368725000717455,0.9556008244685424,0.033036826798500826,0.9332250298606276,0.05005032052861731,missing,0.3,0.02989417989417975,0.030522687189354025,0.02927166251105806,0.04489320444675149,0.02989417989417975
Wine,RF,Ensemble,0.0,0.3,0.0,0.0,178,42,0.9382539682539683,0.03676376890303356,0.9428282828282828,0.03700463466457956,0.938124472019209,0.03753257435479697,0.9091043105514693,0.054676402708070365,missing,0.3,0.044920634920634916,0.04262145262145267,0.045606274600426544,0.06597332538932699,0.044920634920634916
Wine,RF,Ensemble,0.0,0.3,0.0,0.0,178,43,0.9046031746031746,0.042191778020451855,0.9074603174603174,0.041554573332881255,0.9050296826025803,0.04056156875119975,0.8576523812992587,0.06347579093988062,missing,0.3,0.07857142857142863,0.07798941798941805,0.07870106401705523,0.11742525464153764,0.07857142857142863
Wine,RF,Ensemble,0.0,0.3,0.0,0.0,178,44,0.9550793650793651,0.0136876578649588,0.9574314574314574,0.013882018877731845,0.9563784689416609,0.012899824014660945,0.9330911409262193,0.020830051880484864,missing,0.3,0.028095238095238173,0.028018278018278053,0.027352277677974657,0.041986495014577074,0.028095238095238173
Wine,XGB,Boosting,0.0,0.3,0.0,0.0,178,42,0.9099999999999999,0.032775375598973935,0.9105242905242905,0.03957616772010827,0.9098471133625399,0.03542039095136295,0.8655579562012863,0.05142377482286409,missing,0.3,0.04698412698412702,0.04842552509219189,0.04729397824068704,0.07048719661054392,0.04698412698412702
Wine,XGB,Boosting,0.0,0.3,0.0,0.0,178,43,0.8936507936507937,0.05978250661989359,0.891904761904762,0.06222627132921763,0.8905964953018796,0.062300510404807476,0.8427598165547071,0.08819981179891614,missing,0.3,0.06333333333333324,0.06704505371172043,0.06654459630134735,0.0932853362571231,0.06333333333333324
Wine,XGB,Boosting,0.0,0.3,0.0,0.0,178,44,0.938095238095238,0.021230715020155826,0.9382780182780183,0.02013007758540051,0.9387132352299652,0.020261280052884908,0.9091773820660368,0.03037094365251558,missing,0.3,0.018888888888888955,0.020671797338464137,0.01842785637326172,0.026867770745793385,0.018888888888888955
Wine,SVM,Kernel,0.0,0.3,0.0,0.0,178,42,0.9217460317460316,0.03193436200938317,0.9271428571428573,0.03280918208098741,0.9232030930103999,0.030616604040319892,0.8849619161694596,0.04667199720164013,missing,0.3,0.0614285714285715,0.05484046817380139,0.05962898671036543,0.09006721536138929,0.0614285714285715
Wine,SVM,Kernel,0.0,0.3,0.0,0.0,178,43,0.916031746031746,0.030152046042921415,0.9139682539682539,0.03437378459336931,0.9142259784480071,0.030897632153859232,0.8770440459466424,0.04435084506466915,missing,0.3,0.06714285714285717,0.06801507134840479,0.06860610127275824,0.09798508558420649,0.06714285714285717
Wine,SVM,Kernel,0.0,0.3,0.0,0.0,178,44,0.9606349206349206,0.013879588722983607,0.9611351611351612,0.016503889833657043,0.9617956952871015,0.01395716577184254,0.9416816834034542,0.020643773192153603,missing,0.3,0.022539682539682526,0.020848164181497486,0.021036384433663846,0.03334744812739476,0.022539682539682526
Wine,MLP,Neural,0.0,0.3,0.0,0.0,178,42,0.8376190476190477,0.09769528575450594,0.8496825396825397,0.08850199246738971,0.8337205221646414,0.10024197777754566,0.7804691291159247,0.12547707362525778,missing,0.3,0.08185185185185173,0.07406445406445417,0.08729013277893838,0.10252317510742026,0.08185185185185173
Wine,MLP,Neural,0.0,0.3,0.0,0.0,178,43,0.8374603174603175,0.04716022340602002,0.843939393939394,0.05223876487560158,0.8399947096701661,0.04677674106312814,0.7601532367691167,0.07042941281329117,missing,0.3,0.08201058201058198,0.07980759980759988,0.08101594527341371,0.12283906745422823,0.08201058201058198
Wine,MLP,Neural,0.0,0.3,0.0,0.0,178,44,0.8147619047619047,0.1274679275832092,0.8265031265031265,0.10906338912616277,0.7934168617020909,0.16426741186990274,0.7467697510170739,0.15019057001382327,missing,0.3,0.10470899470899475,0.09724386724386735,0.1275937932414889,0.13622255320627108,0.10470899470899475
Wine,GB,Boosting,0.0,0.3,0.0,0.0,178,42,0.8765079365079366,0.022043498992233714,0.8831457431457432,0.02876802072342842,0.8723905313644128,0.025856961117084507,0.8222012261187441,0.03263245602570672,missing,0.3,0.05428571428571427,0.04573993907327234,0.0595676332118078,0.0764264563073288,0.05428571428571427
Wine,GB,Boosting,0.0,0.3,0.0,0.0,178,43,0.8990476190476191,0.06578862446575005,0.8977777777777778,0.06469962769705141,0.8978381104718245,0.06523135157138286,0.8496331202836174,0.09799924642435187,missing,0.3,0.031746031746031744,0.031107904441237788,0.034120054104396114,0.04899456214245557,0.031746031746031744
Wine,GB,Boosting,0.0,0.3,0.0,0.0,178,44,0.8933333333333333,0.020491565533152786,0.8992303992303992,0.02227820595838955,0.8953284724146661,0.018019310156695546,0.8415840404528531,0.031033765552827434,missing,0.3,0.03746031746031753,0.029655282988616416,0.03662969216155454,0.05704364197321987,0.03746031746031753
BreastCancer,LR,Linear,0.0,0.3,0.0,0.0,569,42,0.9648501785437045,0.009609970350036127,0.9595793754776721,0.011228796985285084,0.9621834209469196,0.010329629739149467,0.9247113425776746,0.02059561385970062,missing,0.3,0.01057289240801118,0.011323669839883532,0.01126682442519078,0.023258457106298813,0.01057289240801118
BreastCancer,LR,Linear,0.0,0.3,0.0,0.0,569,43,0.9701754385964912,0.018062509019275457,0.9656194271572588,0.02343083483812684,0.9677598388549147,0.019814367019841718,0.9369052516366272,0.03796463662972474,missing,0.3,0.0052476323552244075,0.005283618160296877,0.005690406517195656,0.011064548047346245,0.0052476323552244075
BreastCancer,LR,Linear,0.0,0.3,0.0,0.0,569,44,0.9542462350566682,0.01977496689147584,0.9481916044068026,0.022316509319175972,0.9507287797524298,0.02112859331664247,0.9033970120344204,0.042375963519098205,missing,0.3,0.021176835895047486,0.022711440910753056,0.02272146561968058,0.04457278764955308,0.021176835895047486
BreastCancer,RF,Ensemble,0.0,0.3,0.0,0.0,569,42,0.9455674584691819,0.02374282946012012,0.9431759159608817,0.019419241139186548,0.9421660514028224,0.024490662545204815,0.8865302388363171,0.04773808094187897,missing,0.3,0.015784298504373018,0.014310930180566506,0.016352399410226814,0.032168125283604576,0.015784298504373018
BreastCancer,RF,Ensemble,0.0,0.3,0.0,0.0,569,43,0.956078248719143,0.0077771021238649835,0.9515092492942149,0.012200772778993264,0.9527951075526234,0.008716428442167815,0.9063166406169577,0.016932201789589537,missing,0.3,0.005273508254411863,0.005977596847233313,0.005723343260425784,0.01238172350296396,0.005273508254411863
BreastCancer,RF,Ensemble,0.0,0.3,0.0,0.0,569,44,0.9472752678155565,0.0055509829076589605,0.9447113559912446,0.01211756608340232,0.9436270158167108,0.006515437259149409,0.888663924598028,0.012163823147314007,missing,0.3,0.014076489157998417,0.012775490150203628,0.014891434996338382,0.030034439521893663,0.014076489157998417
BreastCancer,XGB,Boosting,0.0,0.3,0.0,0.0,569,42,0.9473218444340941,0.014594799913722797,0.94173847997546,0.011958927173302193,0.9435367381947556,0.015226339103897792,0.888491991915289,0.030712513934545434,missing,0.3,0.019877865755834945,0.020660938065949486,0.0211090613678655,0.04212871607434876,0.019877865755834945
BreastCancer,XGB,Boosting,0.0,0.3,0.0,0.0,569,43,0.9490451793199813,0.01017753293116457,0.9468675099693771,0.01308972989157074,0.9456053710653464,0.010553486863053314,0.8936222409299219,0.020267788824016992,missing,0.3,0.01815453086994767,0.015531908072032419,0.01904042849727472,0.03699846705971588,0.01815453086994767
BreastCancer,XGB,Boosting,0.0,0.3,0.0,0.0,569,44,0.9507840397453812,0.00898404363246657,0.9482955224889388,0.00939892877000778,0.9474647440678302,0.009516725433091915,0.8956587529611625,0.019291072811015123,missing,0.3,0.016415670444547836,0.014103895552470713,0.017181055494790876,0.03496195502847532,0.016415670444547836
BreastCancer,SVM,Kernel,0.0,0.3,0.0,0.0,569,42,0.9578481602235678,0.011574287103357818,0.95494095061324,0.009102559914079239,0.9549718435373308,0.012110801246312227,0.9104720044084385,0.023864904029409006,missing,0.3,0.01756456036847287,0.017154542240523374,0.018599805241930945,0.037230354802901044,0.01756456036847287
BreastCancer,SVM,Kernel,0.0,0.3,0.0,0.0,569,43,0.9631268436578171,0.015052168694445069,0.960080118956634,0.015904347902658954,0.9605380198658491,0.016009658653165545,0.9217362902720438,0.03236218301419614,missing,0.3,0.01228587693422356,0.012015373897129367,0.013033628913412643,0.02596606893929565,0.01228587693422356
BreastCancer,SVM,Kernel,0.0,0.3,0.0,0.0,569,44,0.9489675516224189,0.019829074166280825,0.9449225066159229,0.02049647079525309,0.9453847420435171,0.020892224843584203,0.8924263634419587,0.042408413455771295,missing,0.3,0.02644516896962179,0.02717298623784048,0.028186906735744643,0.055275995769380804,0.02644516896962179
BreastCancer,MLP,Neural,0.0,0.3,0.0,0.0,569,42,0.9192050923769601,0.045489443956191616,0.907806789054742,0.05093530612771988,0.912284585799652,0.0492668593684006,0.8266733173562401,0.0981111876112218,missing,0.3,0.027495730476633895,0.030211804851503432,0.02989587264425575,0.059186577298972476,0.027495730476633895
BreastCancer,MLP,Neural,0.0,0.3,0.0,0.0,569,43,0.931516845210371,0.05182599504470998,0.9162342270678334,0.06486581438780711,0.9235064272062476,0.05974476273764941,0.8521236276160955,0.11315445344565864,missing,0.3,0.01518397764322299,0.021784366838412006,0.018674031237660094,0.03373626703911703,0.01518397764322299
BreastCancer,MLP,Neural,0.0,0.3,0.0,0.0,569,44,0.8963359726750506,0.03853417639080983,0.8827318562538018,0.03688218688280166,0.8879591031189555,0.04047505862384865,0.7789062150726644,0.08331304506772969,missing,0.3,0.05036485017854342,0.05528673765244363,0.0542213553249522,0.10695367958254809,0.05036485017854342
BreastCancer,GB,Boosting,0.0,0.3,0.0,0.0,569,42,0.9420742120788697,0.02185510736396886,0.9365601880013934,0.02121727617136007,0.9379262224558589,0.02317488829587737,0.8778682343737738,0.045877070510696255,missing,0.3,0.013993686280598383,0.014456008228526995,0.014828153264911714,0.02874285674481658,0.013993686280598383
BreastCancer,GB,Boosting,0.0,0.3,0.0,0.0,569,43,0.9525694767893184,0.006909126744502927,0.9507514076708313,0.008485693072518993,0.9494130332083806,0.00733250718410459,0.8991267317603733,0.01482613367429259,missing,0.3,0.003498421570149679,0.0002647885590890686,0.003341342512390044,0.007484359358217119,0.003498421570149679
BreastCancer,GB,Boosting,0.0,0.3,0.0,0.0,569,44,0.9455208818506444,0.021764646888396612,0.9394649551053089,0.027293903246060285,0.9412614927230095,0.02405039108281361,0.8835379084113766,0.04656999933696255,missing,0.3,0.010547016508823615,0.011551241124611478,0.011492882997761078,0.023073182707213813,0.010547016508823615
Digits,LR,Linear,0.0,0.3,0.0,0.0,1797,42,0.8174512534818941,0.025706666979868457,0.8174816952512252,0.02573699883561631,0.817411975812971,0.025686443469692708,0.6353043254176226,0.05169392091926135,missing,0.3,0.07533271432992883,0.0753232267113868,0.07535843280627685,0.15054559429618453,0.07533271432992883
Digits,LR,Linear,0.0,0.3,0.0,0.0,1797,43,0.8113463324048282,0.006841299725281389,0.8113736878024355,0.006853544427707283,0.8113183198687668,0.006826568546304033,0.6229617781018904,0.013825072130256168,missing,0.3,0.08143763540699467,0.0814312341601765,0.08145208875048104,0.16288814161191678,0.08143763540699467
Digits,LR,Linear,0.0,0.3,0.0,0.0,1797,44,0.8163741875580316,0.026250499772114824,0.8163645139939162,0.02624314372443273,0.8163410522741852,0.026223960817059053,0.6329849655634674,0.052729279802566274,missing,0.3,0.0764097802537913,0.07644040796869578,0.07642935634506265,0.15286495415033974,0.0764097802537913
Digits,RF,Ensemble,0.0,0.3,0.0,0.0,1797,42,0.9226508820798515,0.00537006324310751,0.9226654629258105,0.00537732827080659,0.922642394676726,0.005371948574398773,0.845521891124849,0.010741669926967045,missing,0.3,0.055091818838337026,0.05507492229412647,0.05509896640036649,0.11002940119534588,0.055091818838337026
Digits,RF,Ensemble,0.0,0.3,0.0,0.0,1797,43,0.924306716186939,0.011666081127628968,0.9243537866395053,0.01167120974720137,0.924294235809144,0.011663102755224537,0.8490646781176266,0.023438258481072324,missing,0.3,0.05343598473124944,0.05338659858043171,0.05344712526794848,0.10648661420256822,0.05343598473124944
Digits,RF,Ensemble,0.0,0.3,0.0,0.0,1797,44,0.9209873104302074,0.009347240408665696,0.9209802428744371,0.009350398115680442,0.9209744284971288,0.009353231729838481,0.8421933355640945,0.018618527511633634,missing,0.3,0.05675539048798106,0.056760142345499864,0.05676693257996368,0.11335795675610039,0.05675539048798106
Digits,XGB,Boosting,0.0,0.3,0.0,0.0,1797,42,0.9198700092850511,0.014086262846266958,0.9199032720488629,0.014113818141829538,0.9198663478946699,0.014083279132360656,0.8399402765014912,0.028347138244718045,missing,0.3,0.05026256061074996,0.050224852618907856,0.050264186525562415,0.10040599692941721,0.05026256061074996
Digits,XGB,Boosting,0.0,0.3,0.0,0.0,1797,43,0.9209795728876509,0.0037683583086588622,0.9209988305537552,0.0037645571470616623,0.9209768452368585,0.0037666347714944578,0.8420737167628198,0.007572760554741459,missing,0.3,0.049152997008150234,0.049129294114015565,0.04915368918337382,0.09827255666808854,0.049152997008150234
Digits,XGB,Boosting,0.0,0.3,0.0,0.0,1797,44,0.9109702878365831,0.015205104235146642,0.910998590491476,0.015193426503128132,0.9109548649751016,0.015217282926482162,0.822272115141254,0.03018969366647366,missing,0.3,0.05916228205921803,0.05912953417629474,0.05917566944513075,0.1180741582896544,0.05916228205921803
Digits,SVM,Kernel,0.0,0.3,0.0,0.0,1797,42,0.9321077065923863,0.009746289935233372,0.9321317701849509,0.009753313208354231,0.9321044972275392,0.009748003063489916,0.8643645511545511,0.01948365638295033,missing,0.3,0.0486056948313216,0.0485860503239125,0.04860765402389278,0.09714451046506889,0.0486056948313216
Digits,SVM,Kernel,0.0,0.3,0.0,0.0,1797,43,0.9387805632930981,0.011153946041241819,0.938810885795515,0.0112038642131029,0.9387742129525083,0.011150681953216491,0.8778776731191507,0.022671783813971242,missing,0.3,0.04193283813060977,0.04190693471334839,0.04193793829892367,0.08363138850046936,0.04193283813060977
Digits,SVM,Kernel,0.0,0.3,0.0,0.0,1797,44,0.9310012380068091,0.005326234748362045,0.9309927604075572,0.005348303470050576,0.9309957524035142,0.00533326170255394,0.862077402004109,0.0105936271034875,missing,0.3,0.04971216341689877,0.04972506010130617,0.049716398847917787,0.09943165961551104,0.04971216341689877
Digits,MLP,Neural,0.0,0.3,0.0,0.0,1797,42,0.9181987000928507,0.008893077813489038,0.9182148111567228,0.008905049142079445,0.9181843902664267,0.008897548335981258,0.8367233215601771,0.017755364791955986,missing,0.3,0.04544722995976469,0.0454378564496164,0.045460328048243626,0.09063603708086698,0.04544722995976469
Digits,MLP,Neural,0.0,0.3,0.0,0.0,1797,43,0.9209625502940266,0.018912194143978687,0.9209896224506243,0.018930115669481763,0.9209534808755324,0.01891502341826739,0.8421986989895816,0.03788142288377379,missing,0.3,0.04268337975858871,0.04266304515571484,0.04269123743913794,0.08516065965146258,0.04268337975858871
Digits,MLP,Neural,0.0,0.3,0.0,0.0,1797,44,0.9098545341999381,0.01662963446794315,0.9098536134517184,0.01663146210204951,0.9098361991210997,0.016629901269023743,0.8200231813456593,0.03326304553025472,missing,0.3,0.053791395852677226,0.05379905415462072,0.05380851919357066,0.1073361772953848,0.053791395852677226
Digits,GB,Boosting,0.0,0.3,0.0,0.0,1797,42,0.9104147322810275,0.007444297695724782,0.9104585875421394,0.007438692012564696,0.9104005923864917,0.007445388679814036,0.821232302055849,0.01488035976028858,missing,0.3,0.05674971629010628,0.056701389960595594,0.05676104477056232,0.11319765062093168,0.05674971629010628
Digits,GB,Boosting,0.0,0.3,0.0,0.0,1797,43,0.9109610027855153,0.0025473118266717454,0.910977070622893,0.0025389517722273157,0.9109585872723824,0.0025497453469461298,0.8220073859540638,0.005024421829384873,missing,0.3,0.05620344578561853,0.056182906879841954,0.05620304988467162,0.11242256672271689,0.05620344578561853
Digits,GB,Boosting,0.0,0.3,0.0,0.0,1797,44,0.9076354069947385,0.011089741625627687,0.9076621877904325,0.011086546279174015,0.9076249205993132,0.01108966372157537,0.815542453612229,0.022217351889612068,missing,0.3,0.05952904157639527,0.05949778971230246,0.05953671655774084,0.11888749906455165,0.05952904157639527
Spambase,LR,Linear,0.0,0.0,0.1,0.0,4601,42,0.9137157154321862,0.0041296668346439335,0.9054519281842477,0.005830989430292491,0.9088334795005737,0.004579124859772905,0.8186366622214862,0.008923717434423911,feature_noise,0.1,0.01151906402933156,0.012825488094583504,0.01230763745107244,0.02437069837359873,0.01151906402933156
Spambase,LR,Linear,0.0,0.0,0.1,0.0,4601,43,0.9176273426804513,0.006416854386314155,0.9103417004633799,0.007898082341041246,0.9131118760975838,0.0068922703080100045,0.8270477188711771,0.013412137985191076,feature_noise,0.1,0.007607436781066457,0.007935715815451272,0.008029240854062314,0.015959641723907847,0.007607436781066457
Spambase,LR,Linear,0.0,0.0,0.1,0.0,4601,44,0.9156708209413209,0.009562323084082306,0.9078494554080091,0.009731519561398987,0.9109976204900156,0.010004225382344243,0.822638116630244,0.02007666255963553,feature_noise,0.1,0.009563958520196869,0.010427960870822095,0.010143496461630486,0.020369243964840966,0.009563958520196869
Spambase,RF,Ensemble,0.0,0.0,0.1,0.0,4601,42,0.9278442619081337,0.006137853407598892,0.9183662367024461,0.007143541418253819,0.9234439272208096,0.0065822266474932795,0.8486965555348706,0.013012739127473283,feature_noise,0.1,0.016951250216368563,0.01904572820835182,0.01814604227848915,0.03557025993711693,0.016951250216368563
Spambase,RF,Ensemble,0.0,0.0,0.1,0.0,4601,43,0.9289302742765425,0.00836321397236783,0.9194758774895423,0.010764798182118526,0.9245583289753692,0.009206207039685341,0.850904427643665,0.017330686323038403,feature_noise,0.1,0.01586523784795979,0.01793608742125563,0.01703164052392958,0.03336238782832246,0.01586523784795979
Spambase,RF,Ensemble,0.0,0.0,0.1,0.0,4601,44,0.928712646933862,0.009917002423979138,0.9187101452961997,0.010874077211815953,0.9242712092558005,0.010587175624971402,0.8504590031992232,0.020896457782322585,feature_noise,0.1,0.016082865190640283,0.01870181961459827,0.01731876024349821,0.033807812272764304,0.016082865190640283
Spambase,XGB,Boosting,0.0,0.0,0.1,0.0,4601,42,0.9321911438417599,0.007491720043251241,0.9253286306846288,0.009343983450313712,0.9284252522042399,0.008126870554103511,0.857539699970878,0.01589994837615053,feature_noise,0.1,0.018183055594895192,0.020770348145713435,0.019389546865890894,0.038359783593663876,0.018183055594895192
Spambase,XGB,Boosting,0.0,0.0,0.1,0.0,4601,43,0.9334936033611859,0.004669300332782212,0.9274821056058027,0.006351761926099923,0.9299289798242981,0.0050793676601476245,0.8604276356734749,0.009843087894560315,feature_noise,0.1,0.016880596075469212,0.018616873224539532,0.017885819245832657,0.03547184789106694,0.016880596075469212
Spambase,XGB,Boosting,0.0,0.0,0.1,0.0,4601,44,0.9337117027805315,0.00840507292861753,0.9272706166248985,0.008853363863520725,0.9301142259781546,0.00882703973580199,0.8607400757123042,0.01764867765400393,feature_noise,0.1,0.016662496656123627,0.018828362205443705,0.017700573091976146,0.0351594078522377,0.016662496656123627
Spambase,SVM,Kernel,0.0,0.0,0.1,0.0,4601,42,0.9269742246140773,0.005446399471199198,0.9193829363388712,0.006567768917838855,0.9228532130250221,0.00583014735761919,0.8466930737708307,0.011605023585322975,feature_noise,0.1,0.005940298037734659,0.006907093645761253,0.006387190882216287,0.012398871526153377,0.005940298037734659
Spambase,SVM,Kernel,0.0,0.0,0.1,0.0,4601,43,0.9271911438417598,0.008091132130625634,0.919969299312428,0.010261295460487617,0.9231195679091032,0.008786303372307883,0.8470992565405032,0.016992385919192103,feature_noise,0.1,0.005723378810052138,0.006320730672204511,0.006120835998135177,0.011992688756480852,0.005723378810052138
Spambase,SVM,Kernel,0.0,0.0,0.1,0.0,4601,44,0.9308853797856772,0.011407447427309115,0.9236871839185294,0.011713446960138731,0.9270428910237861,0.011959053656710484,0.8547881312453864,0.023979862715030907,feature_noise,0.1,0.002029142866134759,0.0026028460661030595,0.0021975128834522684,0.004303814051597632,0.002029142866134759
Spambase,MLP,Neural,0.0,0.0,0.1,0.0,4601,42,0.9339290940848792,0.0068700668646354485,0.9290735224922446,0.009262390427041698,0.9305345319958883,0.0074659475681233,0.8615105221861098,0.014928316602582859,feature_noise,0.1,0.0031149191962109857,0.003647254484746454,0.0033436259458561324,0.006507901138958383,0.0031149191962109857
Spambase,MLP,Neural,0.0,0.0,0.1,0.0,4601,43,0.9269718642307512,0.013844212523771724,0.9199891563493721,0.016020890679946127,0.9229129142122525,0.014763944323797474,0.8468294933063808,0.02919272592539916,feature_noise,0.1,0.010072149050339041,0.012731620627619011,0.010965243729491925,0.02118893001868738,0.010072149050339041
Spambase,MLP,Neural,0.0,0.0,0.1,0.0,4601,44,0.928494075437851,0.011793649977397186,0.9223911874030464,0.012964650253779027,0.9246927698063496,0.01247815701526569,0.8497343023851839,0.024841355401203757,feature_noise,0.1,0.008549937843239208,0.010329589573944697,0.009185388135394823,0.018284120939884296,0.008549937843239208
Spambase,GB,Boosting,0.0,0.0,0.1,0.0,4601,42,0.9298003115705991,0.006291431559160493,0.9222932356765903,0.008114314532018472,0.9258183681907791,0.006846012926920472,0.8526222563316017,0.013396888098887599,feature_noise,0.1,0.017892413727989553,0.020691908373240975,0.019138822929310018,0.03765945400467008,0.017892413727989553
Spambase,GB,Boosting,0.0,0.0,0.1,0.0,4601,43,0.9319713921540858,0.006396423196895997,0.9253620682141923,0.008639077677685568,0.9282296301914286,0.0070063771686846,0.8572199802749028,0.013413147544720774,feature_noise,0.1,0.015721333144502858,0.017623075835638935,0.016727560928660568,0.03306173006136903,0.015721333144502858
Spambase,GB,Boosting,0.0,0.0,0.1,0.0,4601,44,0.933059056790823,0.008314663087149739,0.9262521550718302,0.009572119672004338,0.9293586770339743,0.008856361579048636,0.8593311139225358,0.017501306778022044,feature_noise,0.1,0.014633668507765596,0.016732988978001018,0.01559851408611479,0.030950596413735987,0.014633668507765596
Bank,LR,Linear,0.0,0.0,0.1,0.0,5000,42,0.8960000000000001,0.003033150177620623,0.638598019571972,0.011382194433230432,0.67383360475659,0.012716882246477627,0.3816434060841502,0.023161251258903944,feature_noise,0.1,0.0001333333333330966,0.0030413024750509665,0.0028536255186046855,0.0040172610244560425,0.0001333333333330966
Bank,LR,Linear,0.0,0.0,0.1,0.0,5000,43,0.8954000000000001,0.006086049621881181,0.6434484227236209,0.02468624268148107,0.6768866357011563,0.026636631210267034,0.3837101903854132,0.047213972854997135,feature_noise,0.1,0.0007333333333331415,-0.0018091006765978968,-0.00019940542596152966,0.0019504767231930398,0.0007333333333331415
Bank,LR,Linear,0.0,0.0,0.1,0.0,5000,44,0.897,0.0034058772731852833,0.6443544249886266,0.011931390481827994,0.6799155320923133,0.012812306242509716,0.39209997332458996,0.02332745832488651,feature_noise,0.1,-0.0008666666666667933,-0.0027151029416035977,-0.0032283018171185285,-0.006439306215983709,-0.0008666666666667933
Bank,RF,Ensemble,0.0,0.0,0.1,0.0,5000,42,0.892,0.006099180272790768,0.5733097153255703,0.021840026030719408,0.5971173006598821,0.03135306116879281,0.2839700908396076,0.06209376958429348,feature_noise,0.1,0.003933333333333344,0.03015522709746954,0.040323149941727365,0.05885521759114809,0.003933333333333344
Bank,RF,Ensemble,0.0,0.0,0.1,0.0,5000,43,0.8932,0.004445222154178577,0.5754721181674749,0.011670785362499355,0.601175523216533,0.016978440001639884,0.2991878447351959,0.0407663440583481,feature_noise,0.1,0.0027333333333333654,0.02799282425556493,0.03626492738507647,0.04363746369555982,0.0027333333333333654
Bank,RF,Ensemble,0.0,0.0,0.1,0.0,5000,44,0.8932,0.00462168800331654,0.57621356873905,0.01965664746794183,0.6015418762081235,0.02900015668684475,0.2947745588387475,0.05392514149947583,feature_noise,0.1,0.0027333333333333654,0.027251373683989777,0.03589857439348598,0.048050749592008224,0.0027333333333333654
Bank,XGB,Boosting,0.0,0.0,0.1,0.0,5000,42,0.8922000000000001,0.0039698866482558446,0.6275488573336818,0.01201305380582732,0.66023640573208,0.014703410312502873,0.35402542284103655,0.02911557510063882,feature_noise,0.1,0.0035333333333331662,0.03684893186591942,0.03504107008189483,0.05501583147033712,0.0035333333333331662
Bank,XGB,Boosting,0.0,0.0,0.1,0.0,5000,43,0.8886,0.0034409301068170535,0.6247689016658439,0.020196052180647475,0.6538746411769918,0.021722044088824558,0.33670014914718405,0.03631686257892603,feature_noise,0.1,0.007133333333333325,0.03962888753375737,0.04140283463698302,0.07234110516418962,0.007133333333333325
Bank,XGB,Boosting,0.0,0.0,0.1,0.0,5000,44,0.8962,0.005192301994298872,0.6446428744276989,0.01401935618471946,0.6794375032781951,0.015919377676449208,0.3895585585204253,0.03158493898853434,feature_noise,0.1,-0.0004666666666667263,0.019754914771902388,0.015839972535779734,0.019482695790948357,-0.0004666666666667263
Bank,SVM,Kernel,0.0,0.0,0.1,0.0,5000,42,0.8904,0.0012000000000000012,0.5894570762067931,0.014336953087552218,0.6172530077851759,0.017691795973288835,0.29829984486993444,0.0212228830571693,feature_noise,0.1,-0.00019999999999997797,-0.0011018510452259767,-0.0011255982849236457,-0.002225865169551866,-0.00019999999999997797
Bank,SVM,Kernel,0.0,0.0,0.1,0.0,5000,43,0.8892,0.005418486873657632,0.5880361239364637,0.016031684518058635,0.6153830496543321,0.021933258162276127,0.2906813832917419,0.04490930753699078,feature_noise,0.1,0.0010000000000000009,0.0003191012251034797,0.0007443598459201395,0.005392596408640649,0.0010000000000000009
Bank,SVM,Kernel,0.0,0.0,0.1,0.0,5000,44,0.8920000000000001,0.003162277660168382,0.5896216279002237,0.01384282804202241,0.6187560906297594,0.018696234632476036,0.3059152089163888,0.03369724689691637,feature_noise,0.1,-0.0018000000000001348,-0.0012664027386565246,-0.0026286811295072043,-0.00984122921600622,-0.0018000000000001348
Bank,MLP,Neural,0.0,0.0,0.1,0.0,5000,42,0.8938,0.0034292856398964525,0.6380937170291643,0.01796312690093771,0.6709223398055766,0.0198316557916309,0.37180163395921906,0.03345616703419396,feature_noise,0.1,-0.0028000000000000247,-0.018886017300513314,-0.02423565482332035,-0.037626598114954224,-0.0028000000000000247
Bank,MLP,Neural,0.0,0.0,0.1,0.0,5000,43,0.8894,0.008616263691415214,0.6089099902236935,0.04509660462892573,0.6346200842504207,0.05434555153389424,0.3130732977051812,0.08783821366001353,feature_noise,0.1,0.0016000000000000458,0.010297709504957453,0.01206660073183552,0.021101738139083615,0.0016000000000000458
Bank,MLP,Neural,0.0,0.0,0.1,0.0,5000,44,0.891,0.004427188724235735,0.623903553348627,0.021226515505823794,0.6548110998241581,0.02268848096528818,0.3449118270028343,0.037693701936735845,feature_noise,0.1,0.0,-0.0046958536199760426,-0.00812441484190185,-0.010736791158569459,0.0
Bank,GB,Boosting,0.0,0.0,0.1,0.0,5000,42,0.893,0.0056213877290220825,0.6487624744702887,0.014841200142476594,0.6799565158202527,0.01701711024461912,0.38214674337776466,0.034413967234498716,feature_noise,0.1,0.0013999999999999568,0.017104664556533256,0.015022943259671684,0.0238492362607981,0.0013999999999999568
Bank,GB,Boosting,0.0,0.0,0.1,0.0,5000,43,0.8922000000000001,0.00966229786334494,0.6512752756240865,0.029277332690551938,0.6807636666722272,0.03313530450473194,0.381393103415267,0.06510276695059446,feature_noise,0.1,0.0021999999999998687,0.014591863402735439,0.014215792407697214,0.024602876223295767,0.0021999999999998687
Bank,GB,Boosting,0.0,0.0,0.1,0.0,5000,44,0.8922000000000001,0.004354308211415452,0.6520167261956616,0.014366242287841497,0.6818515199632754,0.015952362376482496,0.38268355988591873,0.03066502073230553,feature_noise,0.1,0.0021999999999998687,0.013850412831160286,0.013127939116649001,0.02331241975264403,0.0021999999999998687
Wine,LR,Linear,0.0,0.0,0.1,0.0,178,42,0.9776190476190475,0.01119469694127331,0.9790476190476192,0.011106575037800558,0.9782770335801189,0.010944347578690679,0.9670148982323635,0.016501146520129118,feature_noise,0.1,0.007513227513227472,0.006737213403880005,0.006595453399481643,0.011103336075015569,0.007513227513227472
Wine,LR,Linear,0.0,0.0,0.1,0.0,178,43,0.9944444444444445,0.011111111111111117,0.9952380952380953,0.009523809523809488,0.9943562610229277,0.011287477954144622,0.9918521595451713,0.01629568090965749,feature_noise,0.1,-0.009312169312169494,-0.009453262786596084,-0.009483774043327231,-0.013733925237792155,-0.009312169312169494
Wine,LR,Linear,0.0,0.0,0.1,0.0,178,44,0.9719047619047618,0.0003888078956798682,0.9738624338624339,0.005484299902582038,0.9715486778700188,0.0017415428528930119,0.9585559999978648,0.0008270676639542718,feature_noise,0.1,0.013227513227513144,0.011922398589065297,0.013323809109581752,0.019562234309514315,0.013227513227513144
Wine,RF,Ensemble,0.0,0.0,0.1,0.0,178,42,0.9887301587301588,0.013804961844545337,0.9904761904761905,0.011664236870396045,0.9892204585537918,0.013226593266068733,0.9834051023737788,0.020330021334121224,feature_noise,0.1,-0.005555555555555536,-0.005026455026455046,-0.005489711934156261,-0.008327466432982433,-0.005555555555555536
Wine,RF,Ensemble,0.0,0.0,0.1,0.0,178,43,0.9885714285714287,0.022857142857142864,0.9896825396825397,0.020634920634920607,0.9896825396825397,0.020634920634920607,0.9825870646766169,0.03482587064676616,feature_noise,0.1,-0.0053968253968254,-0.004232804232804255,-0.005951793062904165,-0.007509428735820611,-0.0053968253968254
Wine,RF,Ensemble,0.0,0.0,0.1,0.0,178,44,0.9776190476190475,0.01119469694127331,0.9812698412698413,0.009385235237520273,0.9777690970721824,0.011172715972991699,0.9670718906601689,0.016475036374475147,feature_noise,0.1,0.005555555555555758,0.0041798941798941724,0.005961649547453152,0.008005745280627474,0.005555555555555758
Wine,XGB,Boosting,0.0,0.0,0.1,0.0,178,42,0.9773015873015873,0.021340796124772462,0.977008177008177,0.024598178367516432,0.977957620085071,0.020965028565803547,0.9663601281513454,0.03177601529288651,feature_noise,0.1,-0.0203174603174604,-0.01805836139169459,-0.02081652848184412,-0.030314975339515216,-0.0203174603174604
Wine,XGB,Boosting,0.0,0.0,0.1,0.0,178,43,0.9774603174603176,0.027609923689090675,0.9783068783068783,0.02689579899923564,0.9776803849745026,0.027342459419370163,0.9666882140788587,0.04084134133495432,feature_noise,0.1,-0.020476190476190648,-0.019357062690395943,-0.02053929337127569,-0.030643061267028537,-0.020476190476190648
Wine,XGB,Boosting,0.0,0.0,0.1,0.0,178,44,0.9717460317460318,0.03130084676673201,0.973910533910534,0.03030184839308509,0.9725934070540749,0.030369625519326243,0.9579626318266168,0.04697212223035055,feature_noise,0.1,-0.014761904761904865,-0.014960718294051545,-0.01545231545084802,-0.02191747901478658,-0.014761904761904865
Wine,SVM,Kernel,0.0,0.0,0.1,0.0,178,42,0.9777777777777779,0.027216552697590882,0.9763492063492063,0.029356068973694523,0.9773130894870026,0.027832149286729533,0.9673355418492366,0.040012651519192005,feature_noise,0.1,0.005396825396825289,0.005634118967452362,0.005518990233762788,0.007693589681612267,0.005396825396825289
Wine,SVM,Kernel,0.0,0.0,0.1,0.0,178,43,0.9774603174603176,0.021299434518521104,0.9756084656084656,0.024100746896140418,0.9772840747218574,0.021126761947144735,0.9667678037871621,0.031420260691928936,feature_noise,0.1,0.005714285714285561,0.00637485970819307,0.005548004998907952,0.00826132774368682,0.005714285714285561
Wine,SVM,Kernel,0.0,0.0,0.1,0.0,178,44,0.9773015873015873,0.021340796124772462,0.9773256373256374,0.020624762184898164,0.9770080222718919,0.02105321408173454,0.9660648225103092,0.03216296809985396,feature_noise,0.1,0.005873015873015808,0.0046576879910212865,0.0058240574488734875,0.008964309020539685,0.005873015873015808
Wine,MLP,Neural,0.0,0.0,0.1,0.0,178,42,0.9212698412698412,0.05173093557183471,0.9263492063492065,0.052442003863424146,0.9221919602631543,0.0531095037826933,0.8869168105145814,0.07232922531077626,feature_noise,0.1,-0.0017989417989418,-0.0026022126022126058,-0.0011813053195744994,-0.003924506291236418,-0.0017989417989418
Wine,MLP,Neural,0.0,0.0,0.1,0.0,178,43,0.9047619047619048,0.056897621920397705,0.9116402116402117,0.054390144712858836,0.9085495152616607,0.053297394516123274,0.8602670811949921,0.08254109222083429,feature_noise,0.1,0.014708994708994672,0.012106782106782177,0.012461139681919087,0.022725223028352892,0.014708994708994672
Wine,MLP,Neural,0.0,0.0,0.1,0.0,178,44,0.9266666666666665,0.02939980786406505,0.9305531505531507,0.025887147383010928,0.9276678611433603,0.028324514640405238,0.8930554901392197,0.04337099264632095,feature_noise,0.1,-0.007195767195767089,-0.006806156806156816,-0.0066572061997804965,-0.01006318591587474,-0.007195767195767089
Wine,GB,Boosting,0.0,0.0,0.1,0.0,178,42,0.9436507936507936,0.030876994071842117,0.9433573833573833,0.02951505492609601,0.9452107275380784,0.029079844114149645,0.9158014953516809,0.04623237207632159,feature_noise,0.1,-0.01285714285714279,-0.01447170113836771,-0.013252562961857839,-0.017173812925607934,-0.01285714285714279
Wine,GB,Boosting,0.0,0.0,0.1,0.0,178,43,0.954920634920635,0.03381883767678926,0.9571428571428571,0.031682476063173745,0.9562929740415734,0.031076858869264715,0.9327460975022138,0.05072703038965429,feature_noise,0.1,-0.024126984126984108,-0.0282571749238415,-0.024334809465352825,-0.034118415076140884,-0.024126984126984108
Wine,GB,Boosting,0.0,0.0,0.1,0.0,178,44,0.9212698412698412,0.0214925558547152,0.9206830206830207,0.02291764636950108,0.9238344230538148,0.02154637485347565,0.8824933878573787,0.03271530436397042,feature_noise,0.1,0.009523809523809601,0.008202661535994915,0.008123741522405803,0.016134294568694196,0.009523809523809601
BreastCancer,LR,Linear,0.0,0.0,0.1,0.0,569,42,0.9754230709517155,0.012873059858633506,0.9699359594258053,0.017296940684318755,0.9734315670263187,0.013982483596410814,0.9480606817319064,0.02712456852015838,feature_noise,0.1,1.1102230246251565e-16,0.0009670858917503189,1.867834579161176e-05,-9.088204793294974e-05,1.1102230246251565e-16
BreastCancer,LR,Linear,0.0,0.0,0.1,0.0,569,43,0.9771774569166277,0.011880538068208383,0.9742261059899449,0.01594915713282512,0.9754537670558971,0.012867556715372519,0.9512873286893072,0.025522439390278165,feature_noise,0.1,-0.0017543859649120641,-0.0033230606723891887,-0.002003521683786813,-0.0033175290053337747,-0.0017543859649120641
BreastCancer,LR,Linear,0.0,0.0,0.1,0.0,569,44,0.9789163173420278,0.013120468007904057,0.9736699915253796,0.01798819314547613,0.9771613437268755,0.014377461316403328,0.9554422184524816,0.027337824719691265,feature_noise,0.1,-0.0034932463903121214,-0.002766946207823917,-0.00371109835476513,-0.007472418768508127,-0.0034932463903121214
BreastCancer,RF,Ensemble,0.0,0.0,0.1,0.0,569,42,0.959633597267505,0.017160883855787873,0.9554485179812726,0.017620320252475726,0.9567587229012684,0.018187539616502837,0.9153140135680964,0.03574961766842889,feature_noise,0.1,0.0017181597060499376,0.002038328160175573,0.0017597279117808062,0.003384350551825288,0.0017181597060499376
BreastCancer,RF,Ensemble,0.0,0.0,0.1,0.0,569,43,0.9613414066138798,0.011881146717921587,0.9548532798860345,0.015182560370357744,0.9582612697914483,0.013029664158602568,0.9176967185797971,0.025634753975922152,feature_noise,0.1,1.0350359675115328e-05,0.0026335662554136663,0.00025718102160088296,0.0010016455401246072,1.0350359675115328e-05
BreastCancer,RF,Ensemble,0.0,0.0,0.1,0.0,569,44,0.9631113181183046,0.010182126546418263,0.9592379210664503,0.01354843142200639,0.9603720657370298,0.011001859399871788,0.9222253801239686,0.021579568717258864,feature_noise,0.1,-0.0017595611447497328,-0.0017510749250021496,-0.0018536149239806177,-0.0035270160040469234,-0.0017595611447497328
BreastCancer,XGB,Boosting,0.0,0.0,0.1,0.0,569,42,0.9543393882937432,0.023103254820308127,0.9530736746057741,0.021788596897949007,0.9515322603182007,0.02372402275702261,0.9051899526288334,0.04599614402327928,feature_noise,0.1,0.0128603218961858,0.009325743435635414,0.01311353924442038,0.025430755360804413,0.0128603218961858
BreastCancer,XGB,Boosting,0.0,0.0,0.1,0.0,569,43,0.9595870206489675,0.006971918072338138,0.9553735851803327,0.009190125056102963,0.9566371507417004,0.007463922420806848,0.913857881602102,0.014961433365018074,feature_noise,0.1,0.007612689540961504,0.007025832861076831,0.008008648820920672,0.01676282638753579,0.007612689540961504
BreastCancer,XGB,Boosting,0.0,0.0,0.1,0.0,569,44,0.9560627231796305,0.011096797231316933,0.9506866132193679,0.013480459417538077,0.9527395364233996,0.012072618307130772,0.9059154086423007,0.023727575788005908,feature_noise,0.1,0.011136987010298527,0.011712804822041623,0.011906263139221496,0.024705299347337117,0.011136987010298527
BreastCancer,SVM,Kernel,0.0,0.0,0.1,0.0,569,42,0.9736531594472908,0.015674460437800138,0.9684721377359766,0.019662799383245583,0.9715500568215306,0.016951627955617863,0.9439815283263352,0.033474515246105035,feature_noise,0.1,0.0017595611447498438,0.003623355117786775,0.002021591957731106,0.0037208308850043004,0.0017595611447498438
BreastCancer,SVM,Kernel,0.0,0.0,0.1,0.0,569,43,0.9736686849868033,0.011071179383985615,0.9694837630433766,0.01530178885460198,0.9716020584294356,0.012158770815979608,0.9439342119396736,0.023877480411776723,feature_noise,0.1,0.0017440356052373929,0.0026117298103868203,0.0019695903498261336,0.003768147271665856,0.0017440356052373929
BreastCancer,SVM,Kernel,0.0,0.0,0.1,0.0,569,44,0.9718677224033534,0.008646150512284389,0.9670278778614841,0.012182660374481478,0.9696765299889254,0.009432299492363566,0.9403275461889911,0.01864794634832868,feature_noise,0.1,0.003544998188687254,0.005067614992279257,0.003895118790336327,0.0073748130223484365,0.003544998188687254
BreastCancer,MLP,Neural,0.0,0.0,0.1,0.0,569,42,0.943797546964757,0.019626824331862767,0.9360756918773623,0.02483153624296971,0.9392195475271794,0.021598050830571112,0.8798641780253987,0.04209642371954415,feature_noise,0.1,0.002903275888836987,0.0019429020288831422,0.002960910916728343,0.0059957166298137965,0.002903275888836987
BreastCancer,MLP,Neural,0.0,0.0,0.1,0.0,569,43,0.9403043005744449,0.026198215113485586,0.9273488476076095,0.03357328119767107,0.9344834803671326,0.029668287747885113,0.8719587216749283,0.056507471603283,feature_noise,0.1,0.006396522279149108,0.01066974629863593,0.007696978076775163,0.01390117298028426,0.006396522279149108
BreastCancer,MLP,Neural,0.0,0.0,0.1,0.0,569,44,0.9525384257102936,0.016300677908797377,0.9431700019236867,0.018986811962825867,0.9485697992938456,0.017695094019465767,0.8986059931195314,0.034630284951988305,feature_noise,0.1,-0.005837602856699542,-0.005151408017441295,-0.006389340849937808,-0.012746098464318845,-0.005837602856699542
BreastCancer,GB,Boosting,0.0,0.0,0.1,0.0,569,42,0.9508306163639186,0.02451829260642053,0.9446041234487026,0.026876992601110396,0.9471360628244071,0.02615782281617541,0.8960234735523741,0.05132471939076918,feature_noise,0.1,0.005237281995549403,0.0064120727812178036,0.005618312896363498,0.01058761756621629,0.005237281995549403
BreastCancer,GB,Boosting,0.0,0.0,0.1,0.0,569,43,0.9543393882937432,0.016023485046730065,0.9463606574849616,0.017492027556800255,0.9506294916954798,0.017446333020044176,0.9020808159161835,0.034919376029581804,feature_noise,0.1,0.001728510065724831,0.0046555387449588315,0.002124884025290763,0.004530275202406897,0.001728510065724831
BreastCancer,GB,Boosting,0.0,0.0,0.1,0.0,569,44,0.9631268436578171,0.017857880216376975,0.9572896032525904,0.022041425411773334,0.960205784943452,0.019476834227932498,0.9211190487253724,0.0379908321042193,feature_noise,0.1,-0.007058945298349051,-0.006273407022669986,-0.007451409222681393,-0.01450795760678203,-0.007058945298349051
Digits,LR,Linear,0.0,0.0,0.1,0.0,1797,42,0.8948158464871556,0.025150684206984176,0.8948472003594075,0.025175519073013755,0.8947977252952466,0.025138337204159034,0.7900791861619115,0.050656518342264346,feature_noise,0.1,-0.002031878675332721,-0.002042278396795494,-0.002027316675998758,-0.004229266448104396,-0.002031878675332721
Digits,LR,Linear,0.0,0.0,0.1,0.0,1797,43,0.8864623955431755,0.015084646390582173,0.8864735194158943,0.015091876087649747,0.8864592433196379,0.015083926609068033,0.7729960751461491,0.03021701970904531,feature_noise,0.1,0.00632157226864738,0.006331402546717713,0.006311165299609955,0.012853844567658035,0.00632157226864738
Digits,LR,Linear,0.0,0.0,0.1,0.0,1797,44,0.8853714020427113,0.00764231966667399,0.885380995984101,0.007657841774766207,0.8853359979841882,0.0076124214392605605,0.771276937182741,0.015786530581166382,feature_noise,0.1,0.007412565769111645,0.007423925978510937,0.007434410635059674,0.014572982531066092,0.007412565769111645
Digits,RF,Ensemble,0.0,0.0,0.1,0.0,1797,42,0.967163416898793,0.010338978832196519,0.967153804472703,0.010346161309754907,0.967160915316455,0.010341797151919586,0.9343841371911417,0.020616137064029903,feature_noise,0.1,0.010579284019395452,0.010586580747233953,0.010580445760637547,0.021167155129053206,0.010579284019395452
Digits,RF,Ensemble,0.0,0.0,0.1,0.0,1797,43,0.964374806561436,0.01265030082798057,0.9643759238110915,0.01266744903914524,0.9643718380015345,0.012654008989457705,0.9288444834697959,0.025251302443063728,feature_noise,0.1,0.013367894356752452,0.013364461408845507,0.013369523075558054,0.026706808850399,0.013367894356752452
Digits,RF,Ensemble,0.0,0.0,0.1,0.0,1797,44,0.9671804394924172,0.01233480836259854,0.9671722892681872,0.012337206817449058,0.9671778905959416,0.012335284629537027,0.934473525060503,0.02473547092716445,feature_noise,0.1,0.010562261425771324,0.01056809595174979,0.010563470481150916,0.021077767259691904,0.010562261425771324
Digits,XGB,Boosting,0.0,0.0,0.1,0.0,1797,42,0.9677205199628597,0.008374486971010849,0.9677217746775449,0.008382924732623396,0.9677196446887539,0.008375115958641323,0.9354691407349222,0.016738550849439385,feature_noise,0.1,0.002412049932941418,0.00240634999022582,0.002410889731478405,0.004877132695986219,0.002412049932941418
Digits,XGB,Boosting,0.0,0.0,0.1,0.0,1797,43,0.9693871866295265,0.0114300969059066,0.9693790617680245,0.01144537551917624,0.9693831136892765,0.011435584203381383,0.9389000671898409,0.022742349449539012,feature_noise,0.1,0.0007453832662746018,0.0007490628997463,0.0007474207309557945,0.0014462062410675047,0.0007453832662746018
Digits,XGB,Boosting,0.0,0.0,0.1,0.0,1797,44,0.9677359950479728,0.01089284019078369,0.9677309141914531,0.010891795316810005,0.9677350081756959,0.010893238735664817,0.935488036287157,0.02178772267478602,feature_noise,0.1,0.0023965748478282922,0.0023972104763176905,0.002395526244536428,0.004858237143751332,0.0023965748478282922
Digits,SVM,Kernel,0.0,0.0,0.1,0.0,1797,42,0.9810894459919531,0.012467661532201423,0.9810954899156694,0.012471485560876776,0.9810888112332272,0.01246871859266691,0.9622134472986721,0.024895287852200902,feature_noise,0.1,-0.00037604456824524846,-0.0003776694068060582,-0.0003766599817952576,-0.0007043856790520664,-0.00037604456824524846
Digits,SVM,Kernel,0.0,0.0,0.1,0.0,1797,43,0.9771773444753947,0.010191781794041118,0.977175530108954,0.010228636178381614,0.9771710467702583,0.010199451418185913,0.9546764402902257,0.02015186204670323,feature_noise,0.1,0.00353605694831316,0.003542290399909387,0.003541104481173618,0.006832621329394328,0.00353605694831316
Digits,SVM,Kernel,0.0,0.0,0.1,0.0,1797,44,0.9827607551841535,0.009676153827769037,0.9827589500361806,0.009675045679478597,0.9827602479677005,0.009676458234791682,0.9655479071085418,0.019355503207895905,feature_noise,0.1,-0.002047353760445625,-0.002041129527317276,-0.002048096716268488,-0.0040388454889217495,-0.002047353760445625
Digits,MLP,Neural,0.0,0.0,0.1,0.0,1797,42,0.969953574744661,0.010317463813315957,0.969965619652184,0.01032691133473431,0.9699526185265116,0.01031780563376056,0.9399894018447401,0.020654713485316778,feature_noise,0.1,-0.0063076446920457,-0.006312952045844811,-0.006307900211841244,-0.012630043203695984,-0.0063076446920457
Digits,MLP,Neural,0.0,0.0,0.1,0.0,1797,43,0.9627127824203032,0.012776410585725125,0.9627184995421668,0.012775242315953601,0.9627121732379536,0.012776811762434366,0.9254571016027793,0.025551588041475504,feature_noise,0.1,0.0009331476323121146,0.0009341680641723471,0.0009325450767168064,0.001902257038264854,0.0009331476323121146
Digits,MLP,Neural,0.0,0.0,0.1,0.0,1797,44,0.9627282575054161,0.016900985104898663,0.962730777013008,0.016892776952098384,0.9627259990800459,0.016901286363099167,0.9255559188944092,0.03377792903099227,feature_noise,0.1,0.0009176725471992109,0.0009218905933311428,0.0009187192346244988,0.0018034397466348828,0.0009176725471992109
Digits,GB,Boosting,0.0,0.0,0.1,0.0,1797,42,0.9543732590529249,0.011717955167752293,0.9543542667640633,0.011710105507501222,0.9543656011108828,0.011723580198641297,0.9089240037735721,0.023276156838436278,feature_noise,0.1,0.0127911895182089,0.01280571073867165,0.0127960360461713,0.025505948903208564,0.0127911895182089
Digits,GB,Boosting,0.0,0.0,0.1,0.0,1797,43,0.9632621479418138,0.01035862595837477,0.963261709037659,0.010379593241943642,0.9632581735459056,0.010363296858650423,0.9266587765521932,0.020651447854916488,feature_noise,0.1,0.0039023006293200657,0.0038982684650760158,0.003903463611148461,0.007771176124587442,0.0039023006293200657
Digits,GB,Boosting,0.0,0.0,0.1,0.0,1797,44,0.9610538532961931,0.012539120277161761,0.9610394182262143,0.012563301721249271,0.9610486639468201,0.012544214255863636,0.9222215406449422,0.025020060669439324,feature_noise,0.1,0.006110595274940733,0.006120559276520665,0.006112973210233963,0.012208412031838423,0.006110595274940733
Spambase,LR,Linear,0.0,0.0,0.2,0.0,4601,42,0.9019789453807299,0.00518600805222067,0.892875005893635,0.006760963437618893,0.896366920224563,0.005734212898777241,0.7937696494642422,0.011062192541868634,feature_noise,0.2,0.023255834080787907,0.025402410385196195,0.024774196727083142,0.04923771113084274,0.023255834080787907
Spambase,LR,Linear,0.0,0.0,0.2,0.0,4601,43,0.9026301751404429,0.005476603317121968,0.8940143810312204,0.006695704797361885,0.8971522280887403,0.005803923790824006,0.7955173080439943,0.01141228488440784,feature_noise,0.2,0.022604604321074917,0.024263035247610754,0.023988888862905844,0.04749005255109062,0.022604604321074917
Spambase,LR,Linear,0.0,0.0,0.2,0.0,4601,44,0.901977529150734,0.011117173149379999,0.8930782319375199,0.010825155498957593,0.8964594549739502,0.011522684722746295,0.793712688322648,0.023291316464822902,feature_noise,0.2,0.02325725031078374,0.025199184341311298,0.024681661977695946,0.049294672272437,0.02325725031078374
Spambase,RF,Ensemble,0.0,0.0,0.2,0.0,4601,42,0.9193678893452297,0.0069226984935568435,0.9086731584241736,0.00859679799369553,0.9142771359546845,0.0076249666645391715,0.830705780290996,0.014576627118030639,feature_noise,0.2,0.025427622779272574,0.028738806486624302,0.027312833544614223,0.053561035180991534,0.025427622779272574
Spambase,RF,Ensemble,0.0,0.0,0.2,0.0,4601,43,0.9200186470282773,0.010428887620385704,0.908745389925557,0.011916712697576102,0.9148483996337642,0.011263284262079029,0.8321722668032466,0.02192258091250676,feature_noise,0.2,0.02477686509622501,0.028666574985240945,0.026741569865534554,0.05209454866874086,0.02477686509622501
Spambase,RF,Ensemble,0.0,0.0,0.2,0.0,4601,44,0.9191486097342209,0.008402263160621716,0.9084080953100564,0.01032593281198141,0.9140286925512859,0.009159753618365553,0.8302589249354186,0.017538659954061127,feature_noise,0.2,0.025646902390281445,0.029003869600741528,0.027561276948012803,0.05400789053656885,0.025646902390281445
Spambase,XGB,Boosting,0.0,0.0,0.2,0.0,4601,42,0.9239312184298729,0.0055175250292841226,0.9168712843004728,0.007554436414940047,0.9197432262261918,0.00610247642839025,0.8402070032767016,0.011795103756308677,feature_noise,0.2,0.026442981006782218,0.029227694529869397,0.02807157284393902,0.05569248028784024,0.026442981006782218
Spambase,XGB,Boosting,0.0,0.0,0.2,0.0,4601,43,0.9234952556295142,0.008571873466375769,0.9152760932047401,0.009584081398738635,0.9191002790963303,0.009126624928900132,0.8391674531908839,0.018044768503535896,feature_noise,0.2,0.026878943807140954,0.030822885625602092,0.02871451997380048,0.05673203037365793,0.026878943807140954
Spambase,XGB,Boosting,0.0,0.0,0.2,0.0,4601,44,0.921976348959071,0.010477508176402285,0.914691850589658,0.011257506694501932,0.9176806118371097,0.01102012821207079,0.8360866765529085,0.022044919009819676,feature_noise,0.2,0.02839785047758414,0.03140712824068426,0.03013418723302108,0.059812807011633384,0.02839785047758414
Spambase,SVM,Kernel,0.0,0.0,0.2,0.0,4601,42,0.9191493178492187,0.004668429048398708,0.9099414028537358,0.005794093123964967,0.9143532474829652,0.005047786209914713,0.8301035210895099,0.009829648773333748,feature_noise,0.2,0.013765204802593245,0.016348627130896687,0.014887156424273185,0.02898842420747416,0.013765204802593245
Spambase,SVM,Kernel,0.0,0.0,0.2,0.0,4601,43,0.9187142992021904,0.0104719149655608,0.9105632199539201,0.012542285633704272,0.9140666759870273,0.011273187577802225,0.8292282822232877,0.022042472869548094,feature_noise,0.2,0.014200223449621574,0.015726810030712413,0.0151737279202111,0.029863663073696367,0.014200223449621574
Spambase,SVM,Kernel,0.0,0.0,0.2,0.0,4601,44,0.9224087711844404,0.011408253216647247,0.9138939432947983,0.01143846127246758,0.9179353499270896,0.01193469321743487,0.8368932596153531,0.02404740314526179,feature_noise,0.2,0.010505751467371538,0.012396086689834163,0.011305053980148805,0.02219868568163097,0.010505751467371538
Spambase,MLP,Neural,0.0,0.0,0.2,0.0,4601,42,0.9187142992021904,0.010426688038961154,0.9124651589405343,0.013972885471243101,0.9143693294244631,0.011599198089995308,0.8294262009282434,0.02240135328178153,feature_noise,0.2,0.018329714078899828,0.020255618036456813,0.019508828517281307,0.038592222396824805,0.018329714078899828
Spambase,MLP,Neural,0.0,0.0,0.2,0.0,4601,43,0.9213211065477033,0.011268972729196235,0.9143527279193476,0.012191369286669427,0.9170454611587091,0.011888138611229632,0.8347475995898023,0.02366894808478809,feature_noise,0.2,0.015722906733386943,0.018368049057643443,0.01683269678303534,0.03327082373526591,0.015722906733386943
Spambase,MLP,Neural,0.0,0.0,0.2,0.0,4601,44,0.918061417174149,0.01643503008143514,0.9108916126983415,0.018448549963214468,0.9135683513768538,0.01755880373866068,0.8276643935805972,0.0347304735398595,feature_noise,0.2,0.018982596106941196,0.02182916427864956,0.020309806564890676,0.040354029744471,0.018982596106941196
Spambase,GB,Boosting,0.0,0.0,0.2,0.0,4601,42,0.9219742246140774,0.0052867699761863516,0.9141949557197233,0.008356109715005514,0.9175460380985218,0.006102626299156559,0.8361198108954809,0.011329122325387188,feature_noise,0.2,0.025718500684511203,0.028790188330107935,0.02741115302156738,0.05416189944079086,0.025718500684511203
Spambase,GB,Boosting,0.0,0.0,0.2,0.0,4601,43,0.924799131378936,0.007665671987974281,0.9161620690067924,0.00946531765081852,0.9203775855642162,0.008328894051578313,0.8419670109313616,0.016089448389517782,feature_noise,0.2,0.02289359391965262,0.026823075043038824,0.024579605555872908,0.04831469940491018,0.02289359391965262
Spambase,GB,Boosting,0.0,0.0,0.2,0.0,4601,44,0.9200193551432753,0.007833791137285917,0.9116308479765343,0.00882671666123422,0.9154246559669781,0.008335537150128386,0.8318453729614894,0.01652223137944037,feature_noise,0.2,0.027673370155313348,0.03135429607329698,0.02953253515311105,0.05843633737478238,0.027673370155313348
Bank,LR,Linear,0.0,0.0,0.2,0.0,5000,42,0.8981999999999999,0.002227105745132011,0.6435510255442305,0.010675416503739722,0.6803792320174991,0.011139272315963915,0.39596026680660434,0.018749300680277615,feature_noise,0.2,-0.002066666666666661,-0.0019117034972074842,-0.0036920017423043294,-0.010299599697998096,-0.002066666666666661
Bank,LR,Linear,0.0,0.0,0.2,0.0,5000,43,0.8954000000000001,0.007337574531137663,0.6389997192941701,0.025566357022094425,0.6730354422003033,0.028982627063276097,0.3788896290070451,0.05408509568463966,feature_noise,0.2,0.0007333333333331415,0.00263960275285291,0.0036517880748914155,0.006771038101561155,0.0007333333333331415
Bank,LR,Linear,0.0,0.0,0.2,0.0,5000,44,0.8968,0.003969886648255845,0.6457240758486512,0.01294330833752097,0.6808982361135355,0.013872710503561717,0.3929131227265329,0.0259004276631903,feature_noise,0.2,-0.0006666666666668153,-0.004084753801628205,-0.004211005838340776,-0.007252455617926645,-0.0006666666666668153
Bank,RF,Ensemble,0.0,0.0,0.2,0.0,5000,42,0.8912000000000001,0.002561249694973142,0.5676665601920415,0.013093855253821484,0.5892477437612291,0.019319978083268456,0.2729824626555873,0.03303955407291546,feature_noise,0.2,0.004733333333333256,0.035798382230998294,0.04819270684038035,0.06984284577516842,0.004733333333333256
Bank,RF,Ensemble,0.0,0.0,0.2,0.0,5000,43,0.8918000000000001,0.004915282290977808,0.5680063110414186,0.01650610540494566,0.589822369517867,0.024910916622094596,0.2785989449807703,0.049835905809896344,feature_noise,0.2,0.004133333333333211,0.0354586313816212,0.047618081083742436,0.06422636344998539,0.004133333333333211
Bank,RF,Ensemble,0.0,0.0,0.2,0.0,5000,44,0.8907999999999999,0.0048744230427815805,0.5741131147699663,0.021745500594088803,0.5973683008507722,0.031584533638256446,0.2770157050158083,0.05626279123967239,feature_noise,0.2,0.005133333333333434,0.029351827653073537,0.04007214975083728,0.0658096034149474,0.005133333333333434
Bank,XGB,Boosting,0.0,0.0,0.2,0.0,5000,42,0.891,0.003346640106136305,0.6261279050633524,0.0030997211187476846,0.6580438441914422,0.004990428986640656,0.348609054849299,0.015081994141117954,feature_noise,0.2,0.004733333333333256,0.03826988413624888,0.03723363162253257,0.060432199462074676,0.004733333333333256
Bank,XGB,Boosting,0.0,0.0,0.2,0.0,5000,43,0.8892,0.002785677655436826,0.6221428502289206,0.017290813457267757,0.6518110663423627,0.017098433384192258,0.33651907997493397,0.023451106764816237,feature_noise,0.2,0.00653333333333328,0.04225493897068067,0.043466409471612066,0.0725221743364397,0.00653333333333328
Bank,XGB,Boosting,0.0,0.0,0.2,0.0,5000,44,0.8901999999999999,0.007833262411026463,0.6234505522161241,0.021157989698530565,0.6543704672489407,0.025037350209251387,0.3423925961784676,0.05065073160950439,feature_noise,0.2,0.00553333333333339,0.04094723698347713,0.04090700856503415,0.06664865813290605,0.00553333333333339
Bank,SVM,Kernel,0.0,0.0,0.2,0.0,5000,42,0.8906000000000001,0.001356465996625055,0.5895703264899188,0.012430594710223695,0.617710846255776,0.01521692072045041,0.29965327592867447,0.01890090459431649,feature_noise,0.2,-0.00040000000000006697,-0.0012151013283516754,-0.0015834367555237483,-0.003579296228291895,-0.00040000000000006697
Bank,SVM,Kernel,0.0,0.0,0.2,0.0,5000,43,0.8882,0.004621688003316541,0.5867284219492601,0.0156607952217298,0.6131258670450453,0.020982189423208827,0.28413569560970886,0.03971828345195635,feature_noise,0.2,0.0020000000000000018,0.0016268032123070153,0.003001542455206896,0.011938284090673712,0.0020000000000000018
Bank,SVM,Kernel,0.0,0.0,0.2,0.0,5000,44,0.891,0.0034058772731852833,0.583865222483569,0.011114287339703472,0.6112772354637028,0.01532579853597872,0.29396469661788366,0.030995380539927297,feature_noise,0.2,-0.0008000000000000229,0.0044900026779981506,0.004850174036549415,0.002109283082498914,-0.0008000000000000229
Bank,MLP,Neural,0.0,0.0,0.2,0.0,5000,42,0.8924,0.004079215610874232,0.624696305330507,0.01839811135172616,0.6570079961284795,0.020148326143732236,0.3515723748699288,0.03335316320156763,feature_noise,0.2,-0.0013999999999999568,-0.005488605601856045,-0.010321311146223255,-0.017397339025663983,-0.0013999999999999568
Bank,MLP,Neural,0.0,0.0,0.2,0.0,5000,43,0.8907999999999999,0.009108238029388569,0.6356535122107035,0.0453149778584223,0.6632606233996194,0.04930273381436803,0.3528787642369212,0.08744175273292538,feature_noise,0.2,0.000200000000000089,-0.01644581248205257,-0.01657393841736321,-0.018703728392656382,0.000200000000000089
Bank,MLP,Neural,0.0,0.0,0.2,0.0,5000,44,0.8904,0.005986651818838311,0.6168907473550735,0.02468961306412222,0.6472908997919142,0.0299746266303727,0.33252373084211184,0.0532417773874854,feature_noise,0.2,0.0006000000000000449,0.00231695237357743,-0.0006042148096579991,0.0016513050021529918,0.0006000000000000449
Bank,GB,Boosting,0.0,0.0,0.2,0.0,5000,42,0.8904,0.006280127387243038,0.6398757150739031,0.013706342805202063,0.6700923480443518,0.017237749361394893,0.3630823144464984,0.036968258721564555,feature_noise,0.2,0.0040000000000000036,0.02599142395291887,0.024887111035572618,0.042913665192064354,0.0040000000000000036
Bank,GB,Boosting,0.0,0.0,0.2,0.0,5000,43,0.8911999999999999,0.004308131845707607,0.6484846724937324,0.019395260969104933,0.6775951802569355,0.020080412056495977,0.3748869343946929,0.03635845378721164,feature_noise,0.2,0.0032000000000000917,0.017382466533089502,0.017384278822988875,0.03110904524386987,0.0032000000000000917
Bank,GB,Boosting,0.0,0.0,0.2,0.0,5000,44,0.8918000000000001,0.003867815921162747,0.6391855659126328,0.014004932220717014,0.6703219007656304,0.013852384024627084,0.36697069196321364,0.024631972921186115,feature_noise,0.2,0.0025999999999998247,0.026681573114189172,0.02465755831429406,0.03902528767534913,0.0025999999999998247
Wine,LR,Linear,0.0,0.0,0.2,0.0,178,42,0.9831746031746033,0.013740935306558193,0.9857142857142858,0.011664236870396045,0.9840846560846561,0.013027871901533487,0.9752372049650873,0.02022565492447733,feature_noise,0.2,0.001957671957671714,7.05467372134061e-05,0.0007878308949443857,0.002881029342291841,0.001957671957671714
Wine,LR,Linear,0.0,0.0,0.2,0.0,178,43,0.9942857142857143,0.011428571428571432,0.9952380952380953,0.009523809523809488,0.9948641975308643,0.010271604938271617,0.9915529428286074,0.016894114342785024,feature_noise,0.2,-0.009153439153439358,-0.009453262786596084,-0.0099917105512638,-0.0134347085212283,-0.009153439153439358
Wine,LR,Linear,0.0,0.0,0.2,0.0,178,44,0.9661904761904762,0.011670715202953525,0.9670081770081771,0.010897101725226484,0.9666748185034058,0.01132468002120003,0.9496917806896039,0.018036922480586408,feature_noise,0.2,0.018941798941798815,0.018776655443322077,0.01819766847619475,0.028426453617775183,0.018941798941798815
Wine,RF,Ensemble,0.0,0.0,0.2,0.0,178,42,0.9773015873015873,0.021340796124772462,0.9788600288600289,0.019554666223936392,0.9787136598964556,0.019498364890259825,0.9658679978756435,0.03240870468925713,feature_noise,0.2,0.005873015873015919,0.00658970658970659,0.005017086723179909,0.009209638065152848,0.005873015873015919
Wine,RF,Ensemble,0.0,0.0,0.2,0.0,178,43,0.9661904761904762,0.041414885533636016,0.9682539682539681,0.03888078956798698,0.968815592203898,0.038192943515659765,0.9489468368584774,0.06254256069706957,feature_noise,0.2,0.0169841269841271,0.01719576719576732,0.014915154415737542,0.026130799082318967,0.0169841269841271
Wine,RF,Ensemble,0.0,0.0,0.2,0.0,178,44,0.9776190476190475,0.01119469694127331,0.9812698412698413,0.009385235237520273,0.9777690970721824,0.011172715972991699,0.9670718906601689,0.016475036374475147,feature_noise,0.2,0.005555555555555758,0.0041798941798941724,0.005961649547453152,0.008005745280627474,0.005555555555555758
Wine,XGB,Boosting,0.0,0.0,0.2,0.0,178,42,0.9717460317460318,0.01807434048104221,0.9733044733044733,0.016460655911327303,0.9735162585971053,0.016339242670164424,0.9576628534636298,0.02755913108065036,feature_noise,0.2,-0.014761904761904865,-0.014354657687990935,-0.01637516699387842,-0.021617700651799576,-0.014761904761904865
Wine,XGB,Boosting,0.0,0.0,0.2,0.0,178,43,0.9493650793650794,0.041136536845525006,0.9497354497354497,0.04075825913469212,0.9510009780736801,0.03852257361145986,0.924241479218056,0.06165530440390906,feature_noise,0.2,0.007619047619047525,0.009214365881032749,0.006140113529546798,0.011803673593774211,0.007619047619047525
Wine,XGB,Boosting,0.0,0.0,0.2,0.0,178,44,0.972063492063492,0.017571077268107502,0.9765079365079365,0.015071844406945022,0.9722240248604436,0.017726431201277912,0.9594077699363603,0.02502223267183897,feature_noise,0.2,-0.015079365079365026,-0.017558120891454143,-0.015082933257216657,-0.02336261712453014,-0.015079365079365026
Wine,SVM,Kernel,0.0,0.0,0.2,0.0,178,42,0.9777777777777779,0.03239417719358502,0.9782539682539682,0.029770263376508413,0.9780548113578966,0.031450855242109714,0.9668660718813161,0.04840577287729231,feature_noise,0.2,0.005396825396825289,0.003729357062690508,0.004777268362868736,0.008163059649532789,0.005396825396825289
Wine,SVM,Kernel,0.0,0.0,0.2,0.0,178,43,0.9830158730158731,0.022779851683695552,0.9803703703703703,0.026020989733704165,0.9829278136989297,0.022619346549102668,0.9749156442419908,0.03362216862274422,feature_noise,0.2,0.00015873015873002494,0.0016129549462883253,-9.573397816431406e-05,0.0001134872888580718,0.00015873015873002494
Wine,SVM,Kernel,0.0,0.0,0.2,0.0,178,44,0.9661904761904762,0.011670715202953525,0.9678018278018279,0.011381678900034942,0.9662284808256837,0.01106772961796997,0.9497490846467889,0.018066752757336477,feature_noise,0.2,0.01698412698412699,0.014181497514830776,0.016603598895081673,0.025280046884060048,0.01698412698412699
Wine,MLP,Neural,0.0,0.0,0.2,0.0,178,42,0.927142857142857,0.04154183871495821,0.9295238095238094,0.04730425048431266,0.9300546782548077,0.042463646506806535,0.8919800131246808,0.06132723439020033,feature_noise,0.2,-0.007671957671957608,-0.005776815776815547,-0.009044023311227889,-0.008987708901335822,-0.007671957671957608
Wine,MLP,Neural,0.0,0.0,0.2,0.0,178,43,0.8707936507936507,0.06264393856191315,0.8846272246272247,0.05565613811279689,0.8753010515074499,0.06066104065401344,0.814294849262667,0.09012231397337153,feature_noise,0.2,0.04867724867724876,0.03911976911976922,0.04570960343612995,0.06869745496067792,0.04867724867724876
Wine,MLP,Neural,0.0,0.0,0.2,0.0,178,44,0.9153968253968253,0.03615983107985794,0.921029341029341,0.03310435831834814,0.9162933505964359,0.03512304382677134,0.8770170582321486,0.05267785530698814,feature_noise,0.2,0.004074074074074119,0.0027176527176528964,0.0047173043471439025,0.005975245991196365,0.004074074074074119
Wine,GB,Boosting,0.0,0.0,0.2,0.0,178,42,0.954920634920635,0.04175055802609169,0.9517700817700818,0.044664259465345996,0.9549438904748502,0.04321679255956801,0.9328536825791932,0.06275339123321515,feature_noise,0.2,-0.024126984126984108,-0.022884399551066248,-0.022985725898629572,-0.03422600015312027,-0.024126984126984108
Wine,GB,Boosting,0.0,0.0,0.2,0.0,178,43,0.9099999999999999,0.04512126378385533,0.9044155844155843,0.05000307955759353,0.9108148866790632,0.04432567989526501,0.86802911196609,0.06566415659763158,feature_noise,0.2,0.02079365079365092,0.024470097803431234,0.02114327789715742,0.030598570459982932,0.02079365079365092
Wine,GB,Boosting,0.0,0.0,0.2,0.0,178,44,0.9209523809523809,0.04619456699280017,0.9164261664261664,0.058474061472616294,0.918280168002757,0.05548932744591525,0.8824604346406606,0.06992487016241923,feature_noise,0.2,0.009841269841269984,0.012459515792849207,0.01367799657346358,0.016167247785412342,0.009841269841269984
BreastCancer,LR,Linear,0.0,0.0,0.2,0.0,569,42,0.9701599130569788,0.014229781613181045,0.9638405367606154,0.018499523139395794,0.9677095744538201,0.015557258078800373,0.9366396343049296,0.030005990975431527,feature_noise,0.2,0.0052631578947368585,0.007062508556940239,0.005740670918290225,0.011330165379043855,0.0052631578947368585
BreastCancer,LR,Linear,0.0,0.0,0.2,0.0,569,43,0.9666356155876417,0.008537691668180575,0.960070695490774,0.01188870431116971,0.9639392569771814,0.009400415814563532,0.9288855264361005,0.018286162508306777,feature_noise,0.2,0.008787455364073993,0.010832349826781718,0.009510988394928921,0.019084273247872985,0.008787455364073993
BreastCancer,LR,Linear,0.0,0.0,0.2,0.0,569,44,0.9771619313771154,0.011885244147814056,0.9722811026364908,0.017065198875517173,0.9752859769065564,0.013063155269798779,0.9516559559258966,0.024686012525809733,feature_noise,0.2,-0.0017388604253997242,-0.0013780573189351442,-0.00183573153444605,-0.003686156241923144,-0.0017388604253997242
BreastCancer,RF,Ensemble,0.0,0.0,0.2,0.0,569,42,0.9455674584691819,0.01693262060411917,0.9403658384415017,0.02105061195538836,0.9414991385290945,0.018329453166964688,0.8852247527361143,0.03556695872842186,feature_noise,0.2,0.015784298504373018,0.01712100769994651,0.017019312283954702,0.033473611383807333,0.015784298504373018
BreastCancer,RF,Ensemble,0.0,0.0,0.2,0.0,569,43,0.9578481602235678,0.012835218077218914,0.9510834386161932,0.01643266663565093,0.9544720674331877,0.014122776451798238,0.909694143356899,0.027867104691744693,feature_noise,0.2,0.0035035967499871257,0.006403407525255034,0.004046383379861518,0.009004220763022652,0.0035035967499871257
BreastCancer,RF,Ensemble,0.0,0.0,0.2,0.0,569,44,0.9472752678155565,0.009610973598899635,0.9408571584546035,0.013693828733429829,0.9432134738619478,0.010697562231067713,0.8871648583368591,0.020485416000253127,feature_noise,0.2,0.014076489157998417,0.016629687686844696,0.015304976951101446,0.031533505783062576,0.014076489157998417
BreastCancer,XGB,Boosting,0.0,0.0,0.2,0.0,569,42,0.9578792113025928,0.021028058032088945,0.9521308730938604,0.027586433043757783,0.9544534223417589,0.023088816150565034,0.9110969287005439,0.044790788336289133,feature_noise,0.2,0.009320498887336215,0.01026854494754914,0.010192377220862192,0.01952377928909388,0.009320498887336215
BreastCancer,XGB,Boosting,0.0,0.0,0.2,0.0,569,43,0.9543393882937432,0.013971208636519523,0.9473689683319556,0.017101563192997382,0.9507064037774418,0.015209886084311015,0.9022305466780425,0.030233173943122964,feature_noise,0.2,0.0128603218961858,0.015030449709453886,0.013939395785179332,0.02839016131159533,0.0128603218961858
BreastCancer,XGB,Boosting,0.0,0.0,0.2,0.0,569,44,0.9438130725042695,0.028020798922230684,0.9400439458456162,0.03101473030048508,0.9398390657343386,0.030149576618785836,0.8803175838434228,0.05973238863411044,feature_noise,0.2,0.023386637685659517,0.022355472195793258,0.024806733828282468,0.05030312414621496,0.023386637685659517
BreastCancer,SVM,Kernel,0.0,0.0,0.2,0.0,569,42,0.9754075454122031,0.01287528788842114,0.9707977191313255,0.016524458435544735,0.9734807241933744,0.013920239376464486,0.9477427168370971,0.02743720995233101,feature_noise,0.2,5.175179837557664e-06,0.0012977737224378894,9.092458588733088e-05,-4.0357625757603266e-05,5.175179837557664e-06
BreastCancer,SVM,Kernel,0.0,0.0,0.2,0.0,569,43,0.9631423691973297,0.016983790673420086,0.9572179849120562,0.02037923968814997,0.9601994232771975,0.018433694383396666,0.9210534523857096,0.0367748751589347,feature_noise,0.2,0.012270351394710999,0.014877507941707169,0.013372225502064183,0.026648906825629926,0.012270351394710999
BreastCancer,SVM,Kernel,0.0,0.0,0.2,0.0,569,44,0.971883247942866,0.010222173676172173,0.9670832488470877,0.014838545961657387,0.9696635713754583,0.01124513902957621,0.9405102491057363,0.021454989162167176,feature_noise,0.2,0.003529472649174692,0.005012244006675659,0.003908077403803389,0.007192110105603167,0.003529472649174692
BreastCancer,MLP,Neural,0.0,0.0,0.2,0.0,569,42,0.9402732494954199,0.01693790110866428,0.9314994618876046,0.02370775433841779,0.935215329390833,0.019207057473908783,0.8733690651886136,0.03496265582355415,feature_noise,0.2,0.006427573358174121,0.00651913201864085,0.006965129053074781,0.012490829466598963,0.006427573358174121
BreastCancer,MLP,Neural,0.0,0.0,0.2,0.0,569,43,0.9385188635305075,0.019935481940009082,0.9269324603954476,0.02619716314088845,0.9328914719474145,0.022909579514685387,0.8680600369578702,0.04318004682707688,feature_noise,0.2,0.008181959323086518,0.011086133510797791,0.009288986496493234,0.01779985769734238,0.008181959323086518
BreastCancer,MLP,Neural,0.0,0.0,0.2,0.0,569,44,0.9385188635305077,0.04111117716644138,0.9281589407244499,0.04287987428818545,0.9335965384882531,0.043995657031339674,0.8683880451742485,0.0882591641901191,feature_noise,0.2,0.008181959323086296,0.009859653181795491,0.008583919955654662,0.01747184948096403,0.008181959323086296
BreastCancer,GB,Boosting,0.0,0.0,0.2,0.0,569,42,0.9473063188945815,0.014604359335292576,0.9416797945294506,0.017571496967451056,0.9433700516869141,0.015552170228866112,0.8886842788325305,0.03010007715340514,feature_noise,0.2,0.008761579464886537,0.009336401700469787,0.009384324033856473,0.017926812286059857,0.008761579464886537
BreastCancer,GB,Boosting,0.0,0.0,0.2,0.0,569,43,0.9455829840086942,0.021718836984787906,0.9384762060736511,0.027248909564693096,0.9411772910063828,0.023720463160096118,0.8833986421986715,0.047167346904517946,feature_noise,0.2,0.01048491435077381,0.012539990156269276,0.011577084714387786,0.023212448919918915,0.01048491435077381
BreastCancer,GB,Boosting,0.0,0.0,0.2,0.0,569,44,0.9490607048594939,0.017836838222489316,0.9441943651573524,0.019862881316494257,0.9453126781434458,0.019245721905248876,0.8913214367526254,0.03781680192580396,feature_noise,0.2,0.00700719349997414,0.006821831072567952,0.007441697577324824,0.015289654365964966,0.00700719349997414
Digits,LR,Linear,0.0,0.0,0.2,0.0,1797,42,0.8797910863509749,0.025933912233194197,0.8797820920398778,0.025940516836336094,0.8797642550487808,0.025924336424625372,0.759940844960805,0.05214611462847327,feature_noise,0.2,0.012992881460847983,0.01302282992273418,0.013006153570467083,0.02590907475300208,0.012992881460847983
Digits,LR,Linear,0.0,0.0,0.2,0.0,1797,43,0.8747787062828845,0.015341097915975764,0.8748035776138495,0.015340081409595282,0.8747709575886017,0.015341258044667955,0.7497231464817116,0.03068213077054804,feature_noise,0.2,0.018005261528938443,0.018001344348762438,0.017999451030646152,0.036126773232095566,0.018005261528938443
Digits,LR,Linear,0.0,0.0,0.2,0.0,1797,44,0.8781306097183534,0.005383438480885772,0.8781370824202395,0.005419582167715621,0.8780942229963149,0.005353033022654071,0.7567469266694694,0.011325005556191849,feature_noise,0.2,0.01465335809346946,0.014667839542372496,0.014676185622932936,0.02910299304433772,0.01465335809346946
Digits,RF,Ensemble,0.0,0.0,0.2,0.0,1797,42,0.9643871866295266,0.007330441154469626,0.9643790617680243,0.0073427881783262655,0.9643832414712998,0.00733470781806161,0.9288911405533268,0.014529434321798795,feature_noise,0.2,0.013355514288661885,0.013361323451912654,0.013358119605792695,0.02666015176686809,0.013355514288661885
Digits,RF,Ensemble,0.0,0.0,0.2,0.0,1797,43,0.9615985762921696,0.00956507487322829,0.9616042847687343,0.009565914087493339,0.9615950322109059,0.009567095255292075,0.923353258904543,0.019074672161174325,feature_noise,0.2,0.016144124626018885,0.01613610045120273,0.01614632886618661,0.03219803341565186,0.016144124626018885
Digits,RF,Ensemble,0.0,0.0,0.2,0.0,1797,44,0.96607397090684,0.015228329510272155,0.9660518328755003,0.015235331674019382,0.9660684519618208,0.015231232259441304,0.932337754305587,0.030482412265744385,feature_noise,0.2,0.011668730011348494,0.011688552344436665,0.011672909115271746,0.023213538014607904,0.011668730011348494
Digits,XGB,Boosting,0.0,0.0,0.2,0.0,1797,42,0.9643825441039926,0.006215745502609257,0.964354335353286,0.006207125177251611,0.9643764356100787,0.0062154211124305775,0.928967864448782,0.01246216912914188,feature_noise,0.2,0.0057500257918085,0.005773789314484801,0.005754098810153652,0.011378408982126387,0.0057500257918085
Digits,XGB,Boosting,0.0,0.0,0.2,0.0,1797,43,0.9666032188177034,0.00728930127525687,0.966591973003282,0.007305451175808398,0.9665990897857375,0.007294568341401846,0.9333230234212715,0.014425801759032358,feature_noise,0.2,0.003529351078097709,0.003536151664488729,0.0035314446344948403,0.007023250009636883,0.003529351078097709
Digits,XGB,Boosting,0.0,0.0,0.2,0.0,1797,44,0.9621773444753947,0.01593843047001695,0.9621690141328093,0.015917292042226236,0.9621737825549361,0.01593734853024012,0.9245208937652482,0.03190865254038952,feature_noise,0.2,0.007955225420406387,0.007959110534961455,0.007956751865296208,0.015825379665660222,0.007955225420406387
Digits,SVM,Kernel,0.0,0.0,0.2,0.0,1797,42,0.9805307954193749,0.01068071764771559,0.9805306233731492,0.010681476728813151,0.9805294332142935,0.010682282249607523,0.9611400195433326,0.021297414752654373,feature_noise,0.2,0.0001826060043329525,0.00018719713571413443,0.0001827180371384296,0.00036904207628740693,0.0001826060043329525
Digits,SVM,Kernel,0.0,0.0,0.2,0.0,1797,43,0.9755075827917054,0.01019221060878408,0.9755088634422873,0.010225227701758361,0.975502466593228,0.010196292433326211,0.9513131260074023,0.020317537801612554,feature_noise,0.2,0.005205818632002535,0.005208957066576092,0.005209684658203928,0.010195935612217766,0.005205818632002535
Digits,SVM,Kernel,0.0,0.0,0.2,0.0,1797,44,0.9827607551841535,0.010443182066021897,0.9827558463738593,0.010447819309881277,0.9827600593286814,0.01044399429505743,0.9655414592606082,0.020890121702349315,feature_noise,0.2,-0.002047353760445625,-0.002038025864995907,-0.0020479080772494163,-0.004032397640988172,-0.002047353760445625
Digits,MLP,Neural,0.0,0.0,0.2,0.0,1797,42,0.9588161559888579,0.012392990392966055,0.9588172302986031,0.01242018939828205,0.9588102176733997,0.012398165898696474,0.9178273971503221,0.02471948424551814,feature_noise,0.2,0.004829774063757397,0.004835437307736057,0.004834500641270667,0.009531961490721996,0.004829774063757397
Digits,MLP,Neural,0.0,0.0,0.2,0.0,1797,43,0.9560368307025688,0.012381265804025652,0.9560486606239561,0.01238738976018153,0.9560347149692892,0.012382138489264265,0.912184980739462,0.024782939659728772,feature_noise,0.2,0.0076090993500465,0.00760400698238306,0.0076100033453812,0.015174377901582159,0.0076090993500465
Digits,MLP,Neural,0.0,0.0,0.2,0.0,1797,44,0.9543840916125038,0.012698809583805896,0.9543881326927102,0.012693470538449811,0.9543795707025898,0.012696749063681217,0.9089797098339286,0.02550482460027859,feature_noise,0.2,0.009261838440111525,0.009264534913628997,0.009265147612080527,0.018379648807115512,0.009261838440111525
Digits,GB,Boosting,0.0,0.0,0.2,0.0,1797,42,0.9560430207366141,0.009835382669301606,0.9560394868154367,0.009835427668711311,0.9560413652490773,0.009836510309256972,0.9121148241572206,0.019634477728536884,feature_noise,0.2,0.011121427834519748,0.011120490687298257,0.011120271907976709,0.02231512851956008,0.011121427834519748
Digits,GB,Boosting,0.0,0.0,0.2,0.0,1797,43,0.9543500464252552,0.016043426379636565,0.9543511631017418,0.016054591601493178,0.9543470610684279,0.016045610639319387,0.9087824735901965,0.032065357509593,feature_noise,0.2,0.01281440214587859,0.01280881440099313,0.012814576088626128,0.025647479086584157,0.01281440214587859
Digits,GB,Boosting,0.0,0.0,0.2,0.0,1797,44,0.9582822655524605,0.01953414826451177,0.9582800566546978,0.01952628208307721,0.9582797967171246,0.01953345632868398,0.9166699500017161,0.039101615126471256,feature_noise,0.2,0.008882183018673273,0.008879920848037126,0.008881840439929456,0.0177600026750645,0.008882183018673273
Spambase,LR,Linear,0.0,0.0,0.35,0.0,4601,42,0.8854602747486192,0.006953145047669792,0.8746162678047931,0.008220058150743167,0.8786495129517631,0.007561994779480812,0.7586294379417331,0.014891076921539377,feature_noise,0.35,0.03977450471289856,0.043661148474038125,0.042491603999883054,0.08437792265335187,0.03977450471289856
Spambase,LR,Linear,0.0,0.0,0.35,0.0,4601,43,0.8830701505924562,0.008529485185293766,0.8729552965436282,0.00967413843594088,0.8763289431540942,0.00908977170463999,0.7540738834247701,0.01785146603979571,feature_noise,0.35,0.04216462886906158,0.04532211973520295,0.04481217379755198,0.08893347717031486,0.04216462886906158
Spambase,LR,Linear,0.0,0.0,0.35,0.0,4601,44,0.8852426474059388,0.007322013757471106,0.8751221922679792,0.0072770441337527,0.878644912276625,0.007566673446809524,0.7582750048973337,0.015221979229074322,feature_noise,0.35,0.039992132055578944,0.043155224010852034,0.04249620467502113,0.08473235569775128,0.039992132055578944
Spambase,RF,Ensemble,0.0,0.0,0.35,0.0,4601,42,0.9021977529150733,0.00903674793775204,0.887557684920691,0.0123452526963896,0.8951744554854215,0.01041322815822741,0.794991068737348,0.01860254941885599,feature_noise,0.35,0.04259775920942899,0.04985427999010694,0.046415514013877224,0.08927574673463945,0.04259775920942899
Spambase,RF,Ensemble,0.0,0.0,0.35,0.0,4601,43,0.8980651937874711,0.010233193050965103,0.8841725705183091,0.01203146344549787,0.8910542348666093,0.011220487672056063,0.7857285978304869,0.021543890226198216,feature_noise,0.35,0.04673031833703123,0.053239394392488815,0.050535734632689455,0.09853821764150061,0.04673031833703123
Spambase,RF,Ensemble,0.0,0.0,0.35,0.0,4601,44,0.9021944483784166,0.013228523574448137,0.8896924422412461,0.013334107636143518,0.8958217523753855,0.013837970122803687,0.7944134056494706,0.02803095248468071,feature_noise,0.35,0.04260106374608574,0.04771952266955182,0.04576821712391321,0.08985340982251688,0.04260106374608574
Spambase,XGB,Boosting,0.0,0.0,0.35,0.0,4601,42,0.9048069206439125,0.010400367713997117,0.8945307123246279,0.012971644742610559,0.8990200981208594,0.011435579461466443,0.7997315148152427,0.022194633322057424,feature_noise,0.35,0.04556727879274258,0.05156826650571433,0.04879470094927141,0.09616796874929912,0.04556727879274258
Spambase,XGB,Boosting,0.0,0.0,0.35,0.0,4601,43,0.9078442619081339,0.007929715867948392,0.8985080842683321,0.008845088840901561,0.902466492015081,0.008429788541951925,0.8062061476630822,0.016914424543881774,feature_noise,0.35,0.04252993752852119,0.047590894562010155,0.045348307055049775,0.08969333590145967,0.04252993752852119
Spambase,XGB,Boosting,0.0,0.0,0.35,0.0,4601,44,0.9056748335929754,0.010299058179084795,0.8948781349675675,0.010882011368530507,0.8998751171218533,0.010905787625615946,0.8015037749500685,0.021712208262092785,feature_noise,0.35,0.04469936584367973,0.0512208438627747,0.04793968194827747,0.09439570861447333,0.04469936584367973
Spambase,SVM,Kernel,0.0,0.0,0.35,0.0,4601,42,0.9067610819997167,0.004746755071470117,0.8962465001528173,0.005549324382087514,0.9010734132180073,0.005112928853502292,0.8038240775836714,0.009993022250394857,feature_noise,0.35,0.02615344065209524,0.03004352983181524,0.02816699068923112,0.05526786771331271,0.02615344065209524
Spambase,SVM,Kernel,0.0,0.0,0.35,0.0,4601,43,0.906108436010008,0.012357876326527593,0.8971724201607827,0.014180690772905834,0.9007088322467578,0.013237354445677819,0.8024896646304234,0.026078608162804304,feature_noise,0.35,0.02680608664180395,0.02911760982384981,0.028531571660480592,0.0566022806665607,0.02680608664180395
Spambase,SVM,Kernel,0.0,0.0,0.35,0.0,4601,44,0.9056724732096493,0.009412772089158361,0.8958346972787643,0.008686730963452512,0.9001203042203754,0.009666699104040926,0.8015047659379805,0.019826067316114512,feature_noise,0.35,0.027242049442162686,0.0304553327058682,0.02912009968686302,0.05758717935900359,0.027242049442162686
Spambase,MLP,Neural,0.0,0.0,0.35,0.0,4601,42,0.892850398904782,0.007081517284215609,0.8823464668433036,0.00982484179587477,0.8864321058608577,0.008061370147655173,0.7744771690324634,0.015124870107996164,feature_noise,0.35,0.0441936143763082,0.05037431013368743,0.0474460520808867,0.09354125429260474,0.0441936143763082
Spambase,MLP,Neural,0.0,0.0,0.35,0.0,4601,43,0.8974137279894254,0.009662117053823681,0.8878740666684994,0.00880306211277997,0.8915245650444771,0.009822260011632212,0.7843724954263569,0.01994050942627733,feature_noise,0.35,0.03963028529166479,0.04484671030849163,0.04235359289726737,0.08364592789871128,0.03963028529166479
Spambase,MLP,Neural,0.0,0.0,0.35,0.0,4601,44,0.8952426474059386,0.011674012456538862,0.8848179669032235,0.012557278455260605,0.8890116703913918,0.012396078043609562,0.7793609684671358,0.024630207119628406,feature_noise,0.35,0.0418013658751516,0.04790281007376762,0.04486648755035261,0.08865745485793242,0.0418013658751516
Spambase,GB,Boosting,0.0,0.0,0.35,0.0,4601,42,0.9032849454751452,0.010662487614354448,0.891827693394424,0.013614959565526386,0.897127895806549,0.011890103022338451,0.7965284604769615,0.022528960804834606,feature_noise,0.35,0.04440777982344346,0.05115745065540722,0.04782929531354019,0.09375324985931033,0.04440777982344346
Spambase,GB,Boosting,0.0,0.0,0.35,0.0,4601,43,0.9032814049001558,0.010224153505803918,0.8925291012846855,0.012293811134963365,0.8973243490290492,0.011131679143989597,0.7965250892747633,0.021569277643816404,feature_noise,0.35,0.04441132039843276,0.0504560427651457,0.047632842091039906,0.0937566210615085,0.04441132039843276
Spambase,GB,Boosting,0.0,0.0,0.35,0.0,4601,44,0.9017613180380494,0.009727786970003349,0.8901047410634029,0.009647720964195847,0.895569292033765,0.010120498849530854,0.7933535807926737,0.020502652428044704,feature_noise,0.35,0.045931407260539237,0.052880402986428376,0.04938789908632413,0.09692812954359808,0.045931407260539237
Bank,LR,Linear,0.0,0.0,0.35,0.0,5000,42,0.8977999999999999,0.003867815921162747,0.6359100192622276,0.015784968054734012,0.672816151980229,0.017552422512393077,0.386253802601484,0.031446441181055274,feature_noise,0.35,-0.0016666666666667052,0.0057293027847954425,0.0038710782949656908,-0.000593135492877761,-0.0016666666666667052
Bank,LR,Linear,0.0,0.0,0.35,0.0,5000,43,0.8948,0.007249827584156749,0.6334698144437668,0.029032422073931426,0.667024106471221,0.03268328534950687,0.3691564923614463,0.05893818224201021,feature_noise,0.35,0.0013333333333331865,0.008169507603256188,0.009663123803973717,0.016504174747159928,0.0013333333333331865
Bank,LR,Linear,0.0,0.0,0.35,0.0,5000,44,0.8928,0.002638181191654586,0.6301129598977843,0.010666119443742171,0.6630819417632411,0.011614281142049066,0.3595465046640923,0.020189573437121223,feature_noise,0.35,0.0033333333333331883,0.011526362149238745,0.01360528851195364,0.026114162444513922,0.0033333333333331883
Bank,RF,Ensemble,0.0,0.0,0.35,0.0,5000,42,0.892,0.0054772255750516665,0.5658952096098189,0.019080003424618457,0.5868119037675988,0.028975205314007976,0.2748130139611086,0.06109572154359222,feature_noise,0.35,0.003933333333333344,0.03756973281322096,0.050628546834010635,0.06801229446964713,0.003933333333333344
Bank,RF,Ensemble,0.0,0.0,0.35,0.0,5000,43,0.8932,0.0035440090293338733,0.5702819641664488,0.016777056034932434,0.5933467516272627,0.024758282957392685,0.28983044148222736,0.04373995237483947,feature_noise,0.35,0.0027333333333333654,0.033182978256591,0.044093698974346784,0.05299486694852834,0.0027333333333333654
Bank,RF,Ensemble,0.0,0.0,0.35,0.0,5000,44,0.8916000000000001,0.0013564659966250547,0.5745661159024692,0.008816947314462802,0.5991367778097977,0.011766138448880666,0.2863000369755861,0.01304896206882129,feature_noise,0.35,0.0043333333333333,0.02889882652057063,0.038303672791811794,0.05652527145516961,0.0043333333333333
Bank,XGB,Boosting,0.0,0.0,0.35,0.0,5000,42,0.8938,0.004833218389437833,0.6262305078839621,0.01599684909897032,0.6601693522677288,0.019827579897976007,0.35839136670167265,0.03856214206411163,feature_noise,0.35,0.0019333333333332314,0.03816728131563918,0.03510812354624604,0.050649887609701016,0.0019333333333332314
Bank,XGB,Boosting,0.0,0.0,0.35,0.0,5000,43,0.8894,0.0033823069050575557,0.6178073970825952,0.01324649764782906,0.6483725610237207,0.015653159885007803,0.33105810796773294,0.02925082905884108,feature_noise,0.35,0.006333333333333302,0.046590392117005996,0.04690491479025416,0.07798314634364073,0.006333333333333302
Bank,XGB,Boosting,0.0,0.0,0.35,0.0,5000,44,0.8906000000000001,0.005200000000000005,0.6214527010676502,0.014143352917965804,0.6529274886683976,0.016974939053455613,0.34097451826958924,0.03381680056470166,feature_noise,0.35,0.005133333333333212,0.04294508813195108,0.04234998714557725,0.06806673604178443,0.005133333333333212
Bank,SVM,Kernel,0.0,0.0,0.35,0.0,5000,42,0.8902000000000001,0.003310589071449373,0.5856365730657916,0.006869694955015704,0.6130286159673901,0.008200076311134598,0.2943252842457075,0.016009771521524396,feature_noise,0.35,-1.1102230246251565e-16,0.0027186520957754867,0.003098793532862132,0.0017486954546750977,-1.1102230246251565e-16
Bank,SVM,Kernel,0.0,0.0,0.35,0.0,5000,43,0.8876,0.0033823069050575557,0.582681418242007,0.010656813833352676,0.608089064596196,0.014401080602620861,0.27602387036493164,0.027520155465691663,feature_noise,0.35,0.0026000000000000467,0.005673806919560098,0.008038344904056194,0.020050109335450927,0.0026000000000000467
Bank,SVM,Kernel,0.0,0.0,0.35,0.0,5000,44,0.8905999999999998,0.0034985711369071833,0.5769656667731413,0.007366848012869953,0.6022651335741462,0.01078002207206427,0.2838162699186467,0.026467303723507404,feature_noise,0.35,-0.0003999999999998449,0.011389558388425813,0.013862275926106005,0.012257709781735848,-0.0003999999999998449
Bank,MLP,Neural,0.0,0.0,0.35,0.0,5000,42,0.893,0.006418722614352492,0.6205873527504332,0.02272860595638526,0.6533889124985204,0.026865261401608442,0.3486674584739131,0.0505656660600613,feature_noise,0.35,-0.0020000000000000018,-0.0013796530217822234,-0.006702227516264148,-0.014492422629648283,-0.0020000000000000018
Bank,MLP,Neural,0.0,0.0,0.35,0.0,5000,43,0.89,0.005621387729022083,0.6292689065055996,0.03863685544661142,0.6567577961572783,0.03857376417864004,0.3452471000520911,0.06228912097903438,feature_noise,0.35,0.0010000000000000009,-0.010061206776948661,-0.010071111175022018,-0.011072064207826249,0.0010000000000000009
Bank,MLP,Neural,0.0,0.0,0.35,0.0,5000,44,0.8886000000000001,0.004498888751680801,0.5988181316607137,0.044819562069680484,0.6205623058657734,0.06080205541976762,0.29223782143352833,0.08998842109461147,feature_noise,0.35,0.0023999999999999577,0.020389568067937236,0.0261243791164828,0.0419372144107365,0.0023999999999999577
Bank,GB,Boosting,0.0,0.0,0.35,0.0,5000,42,0.8908000000000001,0.003969886648255845,0.6341706110675533,0.012684040204763615,0.6651244390420236,0.014205567307026311,0.3570865157132811,0.02746563235531566,feature_noise,0.35,0.0035999999999998256,0.03169652795926858,0.02985502003790086,0.04890946392528167,0.0035999999999998256
Bank,GB,Boosting,0.0,0.0,0.35,0.0,5000,43,0.8904,0.007914543574963758,0.6309783082150012,0.016696701763415794,0.662150879833931,0.022107246911173682,0.3525535778332645,0.04873201632823992,feature_noise,0.35,0.0040000000000000036,0.034888830811820704,0.03282857924599347,0.053442401805298245,0.0040000000000000036
Bank,GB,Boosting,0.0,0.0,0.35,0.0,5000,44,0.89,0.0048166378315169225,0.636683412221351,0.01858149062827697,0.6664468494123962,0.020506033483828054,0.35669454757691954,0.0380281186300516,feature_noise,0.35,0.0043999999999999595,0.029183726805470878,0.02853260966752824,0.049301432061643224,0.0043999999999999595
Wine,LR,Linear,0.0,0.0,0.35,0.0,178,42,0.9719047619047618,0.025205629512735514,0.9753968253968255,0.022222222222222192,0.9735772622439288,0.023824737291842975,0.9583550969289514,0.03749130766933397,feature_noise,0.35,0.013227513227513144,0.010388007054673687,0.011295224735671683,0.01976313737842772,0.013227513227513144
Wine,LR,Linear,0.0,0.0,0.35,0.0,178,43,0.9717460317460318,0.025205629512735514,0.9733044733044733,0.02314094763792914,0.9740399385560676,0.023072943180919698,0.9571934084239301,0.038287695748216374,feature_noise,0.35,0.013386243386243168,0.012480359147025832,0.010832548423532873,0.020924825883449016,0.013386243386243168
Wine,LR,Linear,0.0,0.0,0.35,0.0,178,44,0.954920634920635,0.022944058734054362,0.9558970658970658,0.020503355142393768,0.9556823425381531,0.021563697462037634,0.9329864559062676,0.03488267309894595,feature_noise,0.35,0.030211640211640023,0.02988776655443337,0.029190144441447408,0.04513177840111149,0.030211640211640023
Wine,RF,Ensemble,0.0,0.0,0.35,0.0,178,42,0.9717460317460318,0.018074340481042214,0.9713997113997115,0.016567177429419315,0.9733523750696402,0.016359918791675206,0.9575883871857347,0.02755521549368938,feature_noise,0.35,0.011428571428571455,0.01405002405002398,0.010378371549995324,0.017489248755061637,0.011428571428571455
Wine,RF,Ensemble,0.0,0.0,0.35,0.0,178,43,0.9606349206349206,0.028459215269161207,0.964098124098124,0.027374372530419674,0.9630083716148052,0.027020548680305463,0.9410267558549836,0.043020412544341656,feature_noise,0.35,0.022539682539682637,0.021351611351611455,0.020722375004830318,0.034050880085812696,0.022539682539682637
Wine,RF,Ensemble,0.0,0.0,0.35,0.0,178,44,0.9550793650793651,0.02227092169482015,0.9571957671957672,0.02250040047670127,0.9553690428198192,0.02171161986342516,0.9334424980417392,0.03360424535920096,feature_noise,0.35,0.028095238095238173,0.02825396825396831,0.028361703799816396,0.04163513789905715,0.028095238095238173
Wine,XGB,Boosting,0.0,0.0,0.35,0.0,178,42,0.9607936507936508,0.013352216409405144,0.9626695526695528,0.01055736778218498,0.9619269005866947,0.013468067475014514,0.9421260360491692,0.019383247020080773,feature_noise,0.35,-0.003809523809523818,-0.003719737053070382,-0.00478580898346781,-0.006080883237339019,-0.003809523809523818
Wine,XGB,Boosting,0.0,0.0,0.35,0.0,178,43,0.9271428571428573,0.037405798368363996,0.9337037037037037,0.036108387981903356,0.9295470787509783,0.03419154520691709,0.8924263967611914,0.056711467446156155,feature_noise,0.35,0.02984126984126967,0.0252461119127787,0.027594012852248606,0.04361875605063881,0.02984126984126967
Wine,XGB,Boosting,0.0,0.0,0.35,0.0,178,44,0.9325396825396826,0.03827997535233744,0.9355507455507455,0.03548389287040597,0.934011791449574,0.03654010482686786,0.8992829406743544,0.05860129828489125,feature_noise,0.35,0.02444444444444438,0.023399070065736938,0.023129300153652887,0.03676221213747577,0.02444444444444438
Wine,SVM,Kernel,0.0,0.0,0.35,0.0,178,42,0.961111111111111,0.041573970964154924,0.9623809523809523,0.03967491990335161,0.9626183655596318,0.040147603243874494,0.9421775609419736,0.06232347642176895,feature_noise,0.35,0.02206349206349212,0.019602372935706325,0.0202137141611336,0.032851570588875334,0.02206349206349212
Wine,SVM,Kernel,0.0,0.0,0.35,0.0,178,43,0.9774603174603176,0.021299434518521104,0.9748148148148148,0.024133828974288778,0.9777304123995794,0.021029140563667583,0.966710499829977,0.03143415784191872,feature_noise,0.35,0.005714285714285561,0.007168510501843861,0.005101667321185999,0.008318631700871881,0.005714285714285561
Wine,SVM,Kernel,0.0,0.0,0.35,0.0,178,44,0.954920634920635,0.022944058734054362,0.9578018278018279,0.019238164893804366,0.9554271591250749,0.02203717426390796,0.9331977205884463,0.03412357022229041,feature_noise,0.35,0.028253968253968198,0.024181497514830785,0.02740492059569044,0.041831410942402614,0.028253968253968198
Wine,MLP,Neural,0.0,0.0,0.35,0.0,178,42,0.8877777777777778,0.03529596278134555,0.8917171717171717,0.03774913287466666,0.8923447967217732,0.034892148198258116,0.8336306609877061,0.05084476768037256,feature_noise,0.35,0.03169312169312166,0.032029822029822186,0.02866585822180656,0.04936164323563885,0.03169312169312166
Wine,MLP,Neural,0.0,0.0,0.35,0.0,178,43,0.8876190476190476,0.06392432222584182,0.8940452140452141,0.061831263108268884,0.8908737581620892,0.06124514358736565,0.8335325338664331,0.09678358739889528,feature_noise,0.35,0.0318518518518518,0.029701779701779785,0.030136896781490563,0.04945977035691185,0.0318518518518518
Wine,MLP,Neural,0.0,0.0,0.35,0.0,178,44,0.8814285714285713,0.0663571803516979,0.8908706108706109,0.06264456641597956,0.883989357377694,0.06434890549910319,0.8271749283412019,0.09855480549056797,feature_noise,0.35,0.0380423280423281,0.03287638287638295,0.03702129756588579,0.05581737588214308,0.0380423280423281
Wine,GB,Boosting,0.0,0.0,0.35,0.0,178,42,0.9268253968253968,0.014412139000401485,0.9263732563732564,0.015094800593495225,0.9282024796601226,0.014331850904906416,0.8899397242817308,0.022905168631267583,feature_noise,0.35,0.003968253968254065,0.0025124258457591697,0.003755684916098012,0.00868795814434209,0.003968253968254065
Wine,GB,Boosting,0.0,0.0,0.35,0.0,178,43,0.9157142857142857,0.049883714613319224,0.918013468013468,0.05250414064226568,0.9166340929616968,0.04810689936727174,0.8732424988380416,0.07647118747424801,feature_noise,0.35,0.015079365079365137,0.010872214205547626,0.01532407161452376,0.025385183588031324,0.015079365079365137
Wine,GB,Boosting,0.0,0.0,0.35,0.0,178,44,0.8990476190476191,0.012441852661755836,0.8953150553150554,0.017370907336979907,0.8972729321806625,0.014592284883386876,0.8495212877749616,0.018219448527467822,feature_noise,0.35,0.031746031746031744,0.03357062690396018,0.0346852323955581,0.04910639465111133,0.031746031746031744
BreastCancer,LR,Linear,0.0,0.0,0.35,0.0,569,42,0.9666200900481291,0.010198164269646568,0.9600511336754376,0.013160233195893108,0.9639469675049759,0.011076388502247516,0.9288330875442561,0.021729685900294334,feature_noise,0.35,0.008802980903586555,0.010851911642118073,0.009503277867134452,0.01913671213971735,0.008802980903586555
BreastCancer,LR,Linear,0.0,0.0,0.35,0.0,569,43,0.956078248719143,0.011047204158638906,0.9497336733579772,0.010373300805245343,0.9527066752574973,0.011823680325512887,0.9062761084911631,0.024045637615887384,feature_noise,0.35,0.01934482223257261,0.021169371959578465,0.02074357011461303,0.0416936911928103,0.01934482223257261
BreastCancer,LR,Linear,0.0,0.0,0.35,0.0,569,44,0.9683744760130415,0.010503414750935506,0.9653333437316405,0.01538418341794835,0.9660304146971921,0.011583932567209475,0.9327432324237588,0.022145580160168547,feature_noise,0.35,0.0070485949386741575,0.005569701585915188,0.0074198306749182485,0.015226567260214652,0.0070485949386741575
BreastCancer,RF,Ensemble,0.0,0.0,0.35,0.0,569,42,0.9332867567147958,0.021826534320906338,0.9277390440836232,0.024357698030404683,0.9284255045929137,0.02331949560219431,0.860500062333019,0.04484739456670071,feature_noise,0.35,0.028065000258759132,0.029747802057825012,0.030092946220135475,0.05819830178690266,0.028065000258759132
BreastCancer,RF,Ensemble,0.0,0.0,0.35,0.0,569,43,0.952585002328831,0.016209391923783987,0.9439601432886725,0.02096912003006532,0.9485365781869101,0.018005542910316315,0.8985549611475113,0.035280983935665575,feature_noise,0.35,0.008766754644723873,0.013526702852775685,0.009981872626139143,0.02014340297241035,0.008766754644723873
BreastCancer,RF,Ensemble,0.0,0.0,0.35,0.0,569,44,0.9455208818506444,0.017883130276395515,0.9384924534285817,0.022004724199362148,0.9412576720568728,0.01955687269192485,0.8832085159626695,0.03817116665349794,feature_noise,0.35,0.01583087512291048,0.018994392712866515,0.017260778756176376,0.0354898481572522,0.01583087512291048
BreastCancer,XGB,Boosting,0.0,0.0,0.35,0.0,569,42,0.9473373699736065,0.019948632744955622,0.9428021618080576,0.022435901486794984,0.9435344851022756,0.02128759765700072,0.8893983105349076,0.041023299815878725,feature_noise,0.35,0.019862340216322494,0.019597256233351845,0.02111131446034553,0.04122239745473022,0.019862340216322494
BreastCancer,XGB,Boosting,0.0,0.0,0.35,0.0,569,43,0.9455519329296692,0.011534504164656973,0.9383817114573748,0.016345026919372726,0.9412386732369571,0.0127991574585906,0.8836032017270561,0.02552539038090657,feature_noise,0.35,0.021647777260259793,0.02401770658403468,0.023407126325663996,0.04701750626258172,0.021647777260259793
BreastCancer,XGB,Boosting,0.0,0.0,0.35,0.0,569,44,0.9438285980437818,0.022550684472625034,0.9371622499857024,0.02338950548352494,0.9396208274682957,0.024191562883809657,0.8798445433612085,0.048317945384483085,feature_noise,0.35,0.023371112146147177,0.025237168055707082,0.025024972094325415,0.050776164628429266,0.023371112146147177
BreastCancer,SVM,Kernel,0.0,0.0,0.35,0.0,569,42,0.9631268436578171,0.01399246516047909,0.9542417944358658,0.01794156671170068,0.9599251665485428,0.015454288586325199,0.9215852443618445,0.029535808458897226,feature_noise,0.35,0.01228587693422356,0.017853698417897634,0.01364648223071896,0.02611711484949497,0.01228587693422356
BreastCancer,SVM,Kernel,0.0,0.0,0.35,0.0,569,43,0.9578636857630801,0.015041307421318508,0.9501304987548027,0.018186348807139922,0.9543831669268188,0.016448698467037854,0.9097999428116333,0.03249054659798666,feature_noise,0.35,0.01754903482896053,0.02196499409896069,0.01918848185244293,0.03790241639970615,0.01754903482896053
BreastCancer,SVM,Kernel,0.0,0.0,0.35,0.0,569,44,0.9701288619779536,0.01311649916858547,0.9656747981428623,0.017296458447251924,0.9678111092140214,0.014322844582913549,0.9364793556973272,0.027972144708851947,feature_noise,0.35,0.005283858614087089,0.00642069471090112,0.0057605395652403635,0.011223003514012286,0.005283858614087089
BreastCancer,MLP,Neural,0.0,0.0,0.35,0.0,569,42,0.9332712311752832,0.029603446382492484,0.9259210300563068,0.034577257684643516,0.9280640129166542,0.032290220296897244,0.8575051916661515,0.06395414537602097,feature_noise,0.35,0.013429591678310815,0.012097563849938653,0.014116445527253552,0.028354702989061065,0.013429591678310815
BreastCancer,MLP,Neural,0.0,0.0,0.35,0.0,569,43,0.9227293898462972,0.0356242494874914,0.912552446461716,0.037455942050574606,0.916568226507205,0.037926549682555294,0.8347033308892126,0.07576131978303914,feature_noise,0.35,0.023971433007296872,0.025466147444529463,0.0256122319367027,0.051156563765999974,0.023971433007296872
BreastCancer,MLP,Neural,0.0,0.0,0.35,0.0,569,44,0.9296072038503338,0.031260333570938256,0.9181275638326081,0.03555943017403423,0.9235349921871432,0.034280218295515676,0.8485823088228109,0.06779656276892619,feature_noise,0.35,0.01709361900326023,0.01989103007363735,0.018645466256764553,0.037277585832401594,0.01709361900326023
BreastCancer,GB,Boosting,0.0,0.0,0.35,0.0,569,42,0.9367955286446203,0.02306785893781616,0.930552631031668,0.027926195152085585,0.9319304190688905,0.024809511924915952,0.8687412940294792,0.04667111881359411,feature_noise,0.35,0.019272369714847692,0.02046356519825243,0.020823956651880082,0.0378697970891112,0.019272369714847692
BreastCancer,GB,Boosting,0.0,0.0,0.35,0.0,569,43,0.9367644775655954,0.02560648651924479,0.9304452035208668,0.028874100335092363,0.931981873586396,0.0278341335928744,0.8646973714400499,0.055999490886071895,feature_noise,0.35,0.019303420793872594,0.020570992709053604,0.02077250213437465,0.04191371967854052,0.019303420793872594
BreastCancer,GB,Boosting,0.0,0.0,0.35,0.0,569,44,0.9332712311752832,0.025708230778282326,0.9258885353464456,0.026226110841377798,0.9282764962055289,0.027405160637800963,0.8574716071859365,0.05443368550449858,feature_noise,0.35,0.022796667184184827,0.025127660883474845,0.02447787951524172,0.04913948393265388,0.022796667184184827
Digits,LR,Linear,0.0,0.0,0.35,0.0,1797,42,0.8564020427112349,0.02869658725344375,0.8563897548278238,0.028705575121620152,0.8563720647439773,0.028692574111015078,0.7130669904219836,0.05750083303230964,feature_noise,0.35,0.03638192510058802,0.03641516713478821,0.03639834387527052,0.0727829292918235,0.03638192510058802
Digits,LR,Linear,0.0,0.0,0.35,0.0,1797,43,0.8530841844630146,0.008926154116377068,0.8531119444701654,0.008905296331337029,0.8530562932335283,0.008925538855186151,0.7065198485005851,0.017820194744386435,feature_noise,0.35,0.039699783348808304,0.0396929774924466,0.03971411538571956,0.079330071213222,0.039699783348808304
Digits,LR,Linear,0.0,0.0,0.35,0.0,1797,44,0.8547508511296812,0.011001973641942745,0.8547478145758957,0.011021280807765177,0.8547199239081582,0.0109903314019856,0.7097960691665758,0.0222154621556095,feature_noise,0.35,0.03803311668214171,0.038057107386716305,0.03805048471108963,0.07605385054723135,0.03803311668214171
Digits,RF,Ensemble,0.0,0.0,0.35,0.0,1797,42,0.9560399257195915,0.00885585944938801,0.9560363831531152,0.008862740147232649,0.9560379015708254,0.008857464185492936,0.9121198756400022,0.017676258582475783,feature_noise,0.35,0.02170277519859698,0.02170400206682177,0.021703459506267175,0.04343141668019268,0.02170277519859698
Digits,RF,Ensemble,0.0,0.0,0.35,0.0,1797,43,0.952132466728567,0.008383290250545818,0.9521349767311064,0.008401252852558603,0.9521258308134144,0.008386848903709995,0.904487404749465,0.016734131192317956,feature_noise,0.35,0.025610234189621495,0.02560540848883064,0.025615530263678132,0.05106388757072988,0.025610234189621495
Digits,RF,Ensemble,0.0,0.0,0.35,0.0,1797,44,0.9543809965954813,0.00998654664088192,0.9543727172649362,0.009987308498457803,0.9543749544930243,0.009988674753341436,0.9089446742790714,0.019955320528410266,feature_noise,0.35,0.023361704322707233,0.02336766795500078,0.02336640658406819,0.04660661804112343,0.023361704322707233
Digits,XGB,Boosting,0.0,0.0,0.35,0.0,1797,42,0.9532575054162798,0.007327268960555897,0.9532274658682882,0.007321917308369927,0.9532457421791106,0.007326883125063339,0.906853454085088,0.014741366943626896,feature_noise,0.35,0.01687506447952125,0.01690065879948255,0.016884792241121716,0.03349281934582038,0.01687506447952125
Digits,XGB,Boosting,0.0,0.0,0.35,0.0,1797,43,0.9504642525533891,0.008560588535808012,0.9504528946366658,0.008569786390582602,0.9504598437085395,0.008561543858195042,0.9010229540368317,0.017123410381226712,feature_noise,0.35,0.019668317342412034,0.01967523003110494,0.019670690711692806,0.03932331939407663,0.019668317342412034
Digits,XGB,Boosting,0.0,0.0,0.35,0.0,1797,44,0.9554967502321263,0.012754273369504856,0.9554838626706585,0.012769405063156696,0.9554897914486311,0.012761052631814937,0.9111489311382174,0.025381415770137517,feature_noise,0.35,0.014635819663674776,0.014644261997112218,0.014640742971601228,0.029197342292690998,0.014635819663674776
Digits,SVM,Kernel,0.0,0.0,0.35,0.0,1797,42,0.9744119467657072,0.01734525520649837,0.9744102012750737,0.017344180185959984,0.9744108946641402,0.017346268622272107,0.9488634623681286,0.03466459050886011,feature_noise,0.35,0.006301454658000694,0.006307619233789641,0.006301256587291748,0.012645599251491446,0.006301454658000694
Digits,SVM,Kernel,0.0,0.0,0.35,0.0,1797,43,0.9721665119158155,0.01388234461905378,0.9721662191219893,0.01391601251742773,0.9721605622916012,0.013887267300576562,0.9446220310523428,0.02771589744800385,feature_noise,0.35,0.008546889507892397,0.008551601386874053,0.00855158895983077,0.01688703056727725,0.008546889507892397
Digits,SVM,Kernel,0.0,0.0,0.35,0.0,1797,44,0.9749736923553078,0.012772380599255794,0.9749625159898624,0.012785564757768675,0.9749713129052063,0.012775194278728612,0.9500239746897309,0.02553626377855202,feature_noise,0.35,0.005739709068400045,0.00575530451900097,0.00574083834622563,0.011485086929889143,0.005739709068400045
Digits,MLP,Neural,0.0,0.0,0.35,0.0,1797,42,0.9560352831940575,0.01675183788962605,0.9560239685038289,0.016771612835357098,0.9560270668759501,0.016759297919134157,0.912256076476609,0.033354180633443614,feature_noise,0.35,0.007610646858557835,0.007628699102510295,0.007617651438720285,0.015103282164435128,0.007610646858557835
Digits,MLP,Neural,0.0,0.0,0.35,0.0,1797,43,0.9460259981429898,0.011737988854285258,0.9460423504154793,0.01173948218057074,0.9460226485057082,0.011738841570177348,0.8922064049128471,0.023491257203885358,feature_noise,0.35,0.01761993190962552,0.017610317190859814,0.017622069808962193,0.035152953728197045,0.01761993190962552
Digits,MLP,Neural,0.0,0.0,0.35,0.0,1797,44,0.9499303621169914,0.015379016257469874,0.9499435853644318,0.015361835420597134,0.9499241778432866,0.015376649227797395,0.9001501114457783,0.030816810584652278,feature_noise,0.35,0.013715567935623896,0.013709082241907367,0.013720540471383713,0.02720924719526585,0.013715567935623896
Digits,GB,Boosting,0.0,0.0,0.35,0.0,1797,42,0.9521402042711233,0.003278891183281495,0.9521380803934278,0.0032791704697699067,0.9521370988163443,0.003277850685800309,0.9043746660283517,0.006608268715628184,feature_noise,0.35,0.01502424430001048,0.015021897109307125,0.015024538340709714,0.030055286648428936,0.01502424430001048
Digits,GB,Boosting,0.0,0.0,0.35,0.0,1797,43,0.9359888579387187,0.011485176561735847,0.9359742413174617,0.011496463470279689,0.9359774601422556,0.011493385420016483,0.8721768286560143,0.022819668856755484,feature_noise,0.35,0.03117559063241515,0.031185736185273316,0.031184177014798475,0.062253124020766326,0.03117559063241515
Digits,GB,Boosting,0.0,0.0,0.35,0.0,1797,44,0.9432636954503251,0.020930580706633384,0.943255158766903,0.02092512744929458,0.943261422968904,0.020930380922583893,0.8865645280071652,0.04189309462829438,feature_noise,0.35,0.02390075312080875,0.023904818735831945,0.023900214188150026,0.04786542466961541,0.02390075312080875
Spambase,LR,Linear,0.0,0.0,0.5,0.0,4601,42,0.8702473681725913,0.005523605236855887,0.8576301100150401,0.006061984999913422,0.862213153957599,0.00587835054677161,0.7262441810883253,0.01173392785159024,feature_noise,0.5,0.05498741128892648,0.06064730626379111,0.05892796299404712,0.11676317950675963,0.05498741128892648
Spambase,LR,Linear,0.0,0.0,0.5,0.0,4601,43,0.863943256384837,0.002281944403280017,0.851959060840421,0.00455732416311602,0.8557801202225142,0.00277417106436481,0.7133878466164902,0.004509997739593327,feature_noise,0.5,0.06129152307668073,0.06631835543841025,0.06536099672913198,0.12961951397859472,0.06129152307668073
Spambase,LR,Linear,0.0,0.0,0.5,0.0,4601,44,0.8648104612189019,0.011735638456936993,0.8521840478983261,0.01137934721991639,0.8565496735658771,0.012066550608631422,0.714790626006012,0.0245071533522117,feature_noise,0.5,0.06042431824261585,0.06609336838050506,0.06459144338576905,0.128216734589073,0.06042431824261585
Spambase,RF,Ensemble,0.0,0.0,0.5,0.0,4601,42,0.8817683991880282,0.008678264669082041,0.8646288459942127,0.010212354842015135,0.8728645577402266,0.009638865525267912,0.7513975991782187,0.018562819658983782,feature_noise,0.5,0.06302711293647412,0.07278311891658518,0.0687254117590721,0.1328692162937688,0.06302711293647412
Spambase,RF,Ensemble,0.0,0.0,0.5,0.0,4601,43,0.8793761506868716,0.011943355440214895,0.8625794264913832,0.01410998534647673,0.8704083249019188,0.01325892887451145,0.7461720075347084,0.025148289805559457,feature_noise,0.5,0.06541936143763072,0.07483253841941473,0.07118164459737997,0.13809480793727913,0.06541936143763072
Spambase,RF,Ensemble,0.0,0.0,0.5,0.0,4601,44,0.8763314922343388,0.009968200841944193,0.8593831393604183,0.009833758739321661,0.8672069483316545,0.010336658553796061,0.7397622117664615,0.021222459449803728,feature_noise,0.5,0.06846401989016349,0.0780288255503796,0.07438302116764428,0.14450460370552598,0.06846401989016349
Spambase,XGB,Boosting,0.0,0.0,0.5,0.0,4601,42,0.8837249209271587,0.011057472181826115,0.8711570571484968,0.01358403334256936,0.8762944989032022,0.01232617611152223,0.7548724565658336,0.023595711645840334,feature_noise,0.5,0.06664927850949642,0.07494192168184544,0.07152030016692856,0.14102702699870828,0.06664927850949642
Spambase,XGB,Boosting,0.0,0.0,0.5,0.0,4601,43,0.8876339517537648,0.006811919592347038,0.8754647571933354,0.008483351242230831,0.8805553668458964,0.0075644048089366245,0.763140941578935,0.014421520137599186,feature_noise,0.5,0.06274024768289033,0.07063422163700683,0.06725943222423436,0.13275854198560688,0.06274024768289033
Spambase,XGB,Boosting,0.0,0.0,0.5,0.0,4601,44,0.8856795543596281,0.012989855078570478,0.8733587389628589,0.012393169365239405,0.8785104875267322,0.013380039821765213,0.7593379789076391,0.027292549013851936,feature_noise,0.5,0.06469464507702705,0.07274023986748335,0.06930431154339856,0.13656150465690275,0.06469464507702705
Spambase,SVM,Kernel,0.0,0.0,0.5,0.0,4601,42,0.8885049332011519,0.00685144890568398,0.875971354585188,0.008763038593393823,0.8813566135550241,0.007696061243942135,0.765096948958903,0.014531250356231944,feature_noise,0.5,0.04440958945066009,0.05031867539944446,0.04788379035221424,0.09399499633808106,0.04440958945066009
Spambase,SVM,Kernel,0.0,0.0,0.5,0.0,4601,43,0.888937591464854,0.012642418230267922,0.877413867398223,0.014018090913536969,0.8820862187383789,0.013506905400716059,0.7661821725529812,0.02662700276274132,feature_noise,0.5,0.043976931186958,0.04887616258640948,0.0471541851688595,0.09290977274400292,0.043976931186958
Spambase,SVM,Kernel,0.0,0.0,0.5,0.0,4601,44,0.8852431194826039,0.011279303653166168,0.8736745321368102,0.010989288104896274,0.8782670074953478,0.011691264646611143,0.758106453924682,0.023780237292364774,feature_noise,0.5,0.04767140316920804,0.05261549784782227,0.05097339641189058,0.10098549137230206,0.04767140316920804
Spambase,MLP,Neural,0.0,0.0,0.5,0.0,4601,42,0.8739420761931738,0.006632119560470088,0.8618318349746396,0.008145855199420517,0.866216469634298,0.007343225268801945,0.7341691529435759,0.01411851140527007,feature_noise,0.5,0.06310193708791645,0.07088894200235152,0.06766168830744645,0.1338492703814923,0.06310193708791645
Spambase,MLP,Neural,0.0,0.0,0.5,0.0,4601,43,0.8667669829580325,0.009304650682048667,0.8527557066327569,0.010570709232011784,0.8580512185807601,0.009977261329709174,0.7192906412645133,0.019851641886384577,feature_noise,0.5,0.07027703032305777,0.07996507034423417,0.07582693936098439,0.14872778206055493,0.07027703032305777
Spambase,MLP,Neural,0.0,0.0,0.5,0.0,4601,44,0.8756807345512911,0.008715732336797292,0.8624097451173653,0.008911599306455477,0.8677190681415408,0.009154486638104902,0.7376656091958554,0.018432172357808533,feature_noise,0.5,0.061363278729799076,0.07031103185962573,0.06615908980020369,0.13035281412921274,0.061363278729799076
Spambase,GB,Boosting,0.0,0.0,0.5,0.0,4601,42,0.8872008214133975,0.008021226204008134,0.87421774290956,0.011478062507378145,0.8798066328940749,0.00942139975017682,0.7624069967113207,0.016967723613588868,feature_noise,0.5,0.0604919038851911,0.06876740114027124,0.06515055822601423,0.12787471362495106,0.0604919038851911
Spambase,GB,Boosting,0.0,0.0,0.5,0.0,4601,43,0.8885025728178256,0.00913458158519707,0.8752244280640568,0.012034249001852607,0.8811014873939079,0.010341584079399854,0.7652867931406078,0.01918985710928034,feature_noise,0.5,0.05919015248076298,0.06776071598577449,0.06385570372618121,0.12499491719566402,0.05919015248076298
Spambase,GB,Boosting,0.0,0.0,0.5,0.0,4601,44,0.8798088089505736,0.009880132287715733,0.8662983124399032,0.009022664354106268,0.8719870729113678,0.00998301120964489,0.746829329047854,0.0205845929621396,feature_noise,0.5,0.06788391634801505,0.07668683160992806,0.07297011820872135,0.14345238128841775,0.06788391634801505
Bank,LR,Linear,0.0,0.0,0.5,0.0,5000,42,0.8952,0.0032496153618543867,0.6203502047216657,0.01482857294062718,0.6553402520001738,0.016962631506785588,0.3579425767885524,0.029519084741862323,feature_noise,0.5,0.0009333333333332305,0.02128911732535732,0.021346978275020967,0.027718090320053845,0.0009333333333332305
Bank,LR,Linear,0.0,0.0,0.5,0.0,5000,43,0.8931999999999999,0.006554387843269582,0.6229249547482844,0.02906833093578195,0.6553245010955964,0.033018533452504405,0.3501275334504522,0.058063056069190294,feature_noise,0.5,0.0029333333333333433,0.018714367298738654,0.02136272917959836,0.035533133658154026,0.0029333333333333433
Bank,LR,Linear,0.0,0.0,0.5,0.0,5000,44,0.8902000000000001,0.002315167380558047,0.6152945959287974,0.009964711946130418,0.6464810774186835,0.01138030358422388,0.33124984462115975,0.01974366522530705,feature_noise,0.5,0.005933333333333124,0.02634472611822558,0.03020615285651118,0.0544108224874465,0.005933333333333124
Bank,RF,Ensemble,0.0,0.0,0.5,0.0,5000,42,0.891,0.005440588203494182,0.5682947604804909,0.022543150677824867,0.5893781369180779,0.0334276067541633,0.2698534041345838,0.06488847726257406,feature_noise,0.5,0.004933333333333345,0.03517018194254895,0.04806231368353153,0.0729719042961719,0.004933333333333345
Bank,RF,Ensemble,0.0,0.0,0.5,0.0,5000,43,0.8904,0.0032000000000000028,0.5575747016290619,0.011590218954442351,0.5740825971545449,0.018838539335493256,0.2565587379068621,0.03407842411596862,feature_noise,0.5,0.00553333333333339,0.045890240793977966,0.06335785344706457,0.08626657052389358,0.00553333333333339
Bank,RF,Ensemble,0.0,0.0,0.5,0.0,5000,44,0.89,0.003687817782917158,0.5655041573501369,0.012121030137918237,0.5860695861854507,0.0184996815529444,0.2625966205804201,0.040016575209889896,feature_noise,0.5,0.005933333333333346,0.0379607850729029,0.05137086441615879,0.0802286878503356,0.005933333333333346
Bank,XGB,Boosting,0.0,0.0,0.5,0.0,5000,42,0.8906000000000001,0.005535341001239224,0.6162625470666242,0.012930879719270658,0.6475835570289679,0.01483363899834654,0.33592435405980076,0.030417558838799836,feature_noise,0.5,0.005133333333333212,0.04813524213297704,0.04769391878500695,0.07311690025157291,0.005133333333333212
Bank,XGB,Boosting,0.0,0.0,0.5,0.0,5000,43,0.8860000000000001,0.004774934554525333,0.6003116802663802,0.015114051833067736,0.6276869483214568,0.01893210042003121,0.2949525959882951,0.03702724076721115,feature_noise,0.5,0.00973333333333315,0.06408610893322109,0.06759052749251804,0.11408865832307857,0.00973333333333315
Bank,XGB,Boosting,0.0,0.0,0.5,0.0,5000,44,0.89,0.004049691346263321,0.6070253893583452,0.011886930795579682,0.6377000571051854,0.015063711325752108,0.32006335968174104,0.03056407245708117,feature_noise,0.5,0.005733333333333257,0.05737239984125608,0.05757741870878941,0.08897789462963263,0.005733333333333257
Bank,SVM,Kernel,0.0,0.0,0.5,0.0,5000,42,0.8894,0.0018547236990991425,0.5770276156459622,0.009258501258433941,0.6014918173891963,0.012143604797471856,0.27704468381231956,0.01626145449272048,feature_noise,0.5,0.0008000000000000229,0.011327609515604964,0.014635592111055917,0.019029295888063014,0.0008000000000000229
Bank,SVM,Kernel,0.0,0.0,0.5,0.0,5000,43,0.8878,0.004166533331199936,0.5753801628093813,0.012436420420461707,0.598736864591989,0.01732459819878222,0.26633507950391794,0.03358824134812571,feature_noise,0.5,0.0023999999999999577,0.012975062352185818,0.017390544908263195,0.029738900196464635,0.0023999999999999577
Bank,SVM,Kernel,0.0,0.0,0.5,0.0,5000,44,0.8905999999999998,0.0024166091947189165,0.575482765629991,0.00583383002459217,0.6002199222722728,0.007948723227927803,0.281888207973066,0.017464601908537908,feature_noise,0.5,-0.0003999999999998449,0.01287245953157612,0.01590748722797941,0.014185771727316554,-0.0003999999999998449
Bank,MLP,Neural,0.0,0.0,0.5,0.0,5000,42,0.8918000000000001,0.007493997598078084,0.610268993621202,0.029659166754480902,0.6410741897756129,0.03612619401791232,0.32939424305020415,0.06558641850799336,feature_noise,0.5,-0.0008000000000001339,0.008938706107448957,0.005612495206643309,0.004780792794060684,-0.0008000000000001339
Bank,MLP,Neural,0.0,0.0,0.5,0.0,5000,43,0.8888,0.004664761515876244,0.6196919979479436,0.04038519836482018,0.6455372161906855,0.04456347596317455,0.3277516500221619,0.06509330553155872,feature_noise,0.5,0.0021999999999999797,-0.0004842982192926337,0.0011494687915707402,0.006423385822102945,0.0021999999999999797
Bank,MLP,Neural,0.0,0.0,0.5,0.0,5000,44,0.8888,0.005075431016179812,0.5870681727986371,0.050218693353195315,0.6042629600805668,0.07404283580035984,0.2561816155852309,0.13737641301599787,feature_noise,0.5,0.0021999999999999797,0.03213952693001387,0.04242372490168944,0.07799342025903394,0.0021999999999999797
Bank,GB,Boosting,0.0,0.0,0.5,0.0,5000,42,0.8916000000000001,0.004758150901348132,0.6361065133432063,0.013500169874981876,0.6675737830708453,0.01560158789796354,0.36243337609404097,0.030436995407095855,feature_noise,0.5,0.0027999999999999137,0.029760625683615594,0.027405676009079172,0.043562603544521794,0.0027999999999999137
Bank,GB,Boosting,0.0,0.0,0.5,0.0,5000,43,0.8863999999999999,0.008867919710958154,0.6212987968367357,0.021295365225413518,0.6494175395328196,0.026007925134733344,0.32698342795019497,0.05529059320095211,feature_noise,0.5,0.008000000000000118,0.04456834219008621,0.04556191954710487,0.0790125516883678,0.008000000000000118
Bank,GB,Boosting,0.0,0.0,0.5,0.0,5000,44,0.8916000000000001,0.0020591260281974015,0.6338821616284809,0.013863514765297912,0.6652623600199346,0.01394378162530281,0.35942714761936634,0.02077124778636785,feature_noise,0.5,0.0027999999999999137,0.03198497739834105,0.02971709905998987,0.04656883201919643,0.0027999999999999137
Wine,LR,Linear,0.0,0.0,0.5,0.0,178,42,0.9552380952380952,0.05159242953756207,0.9587301587301589,0.048704558706559535,0.9577566690440253,0.049680700723374265,0.9329195613724226,0.0772070302771596,feature_noise,0.5,0.02989417989417975,0.027054673721340294,0.02711581793557516,0.045198672934956496,0.02989417989417975
Wine,LR,Linear,0.0,0.0,0.5,0.0,178,43,0.9438095238095237,0.02521462420645036,0.9468494468494469,0.02516660064927214,0.9467884984378255,0.02390142869929534,0.9161658503617961,0.03842360297597367,feature_noise,0.5,0.04132275132275132,0.03893538560205223,0.03808398854177497,0.061952383945583,0.04132275132275132
Wine,LR,Linear,0.0,0.0,0.5,0.0,178,44,0.9209523809523809,0.03371138599911543,0.9226166426166426,0.03536152036860968,0.9228965093160364,0.033705213902975456,0.884087848942628,0.048999504882372515,feature_noise,0.5,0.06417989417989411,0.06316818983485661,0.06197597766356411,0.09403038536475106,0.06417989417989411
Wine,RF,Ensemble,0.0,0.0,0.5,0.0,178,42,0.9663492063492063,0.027154457745641215,0.9666378066378065,0.02580664361608159,0.967599673257968,0.026338142288743774,0.9501415026345967,0.04008069502660841,feature_noise,0.5,0.016825396825396965,0.018811928811928946,0.016131073361667525,0.024936133306199593,0.016825396825396965
Wine,RF,Ensemble,0.0,0.0,0.5,0.0,178,43,0.9212698412698412,0.03701306858607809,0.9214237614237615,0.03849527536236583,0.9240355180345905,0.03449335176835353,0.8823080650243685,0.05497639003080907,feature_noise,0.5,0.06190476190476202,0.06402597402597399,0.05969522858504506,0.09276957091642779,0.06190476190476202
Wine,RF,Ensemble,0.0,0.0,0.5,0.0,178,44,0.9325396825396826,0.028500794523763112,0.9341510341510342,0.03138847499227605,0.9338504736472872,0.028937415213393894,0.8997219271700653,0.04339384490071557,feature_noise,0.5,0.0506349206349207,0.05129870129870129,0.049880272972348316,0.07535570877073106,0.0506349206349207
Wine,XGB,Boosting,0.0,0.0,0.5,0.0,178,42,0.9326984126984128,0.02808851143579455,0.9354208754208754,0.023698490990583958,0.9347252988225018,0.027194223530442572,0.9020340532342346,0.040850314926634546,feature_noise,0.5,0.024285714285714133,0.02352894019560703,0.02241579278072514,0.03401109957759563,0.024285714285714133
Wine,XGB,Boosting,0.0,0.0,0.5,0.0,178,43,0.915873015873016,0.030154552759976284,0.9174025974025974,0.03137904102761982,0.9188136613130465,0.028182461342043955,0.8747917230348671,0.047044767003733036,feature_noise,0.5,0.04111111111111099,0.04154721821388496,0.038327430290180375,0.06125342977696313,0.04111111111111099
Wine,XGB,Boosting,0.0,0.0,0.5,0.0,178,44,0.9214285714285715,0.04770890991904859,0.9245743145743146,0.05442345702421692,0.9237359116539394,0.04873187669460995,0.883479993021129,0.07007107793935728,feature_noise,0.5,0.03555555555555545,0.0343755010421678,0.03340517994928749,0.0525651597907012,0.03555555555555545
Wine,SVM,Kernel,0.0,0.0,0.5,0.0,178,42,0.9385714285714286,0.05662819377802768,0.9417460317460318,0.05281350980419923,0.9417418990309914,0.05444193188792074,0.9079618137127825,0.08539203836913666,feature_noise,0.5,0.044603174603174534,0.040237293570626886,0.04109018068977399,0.06706731781806641,0.044603174603174534
Wine,SVM,Kernel,0.0,0.0,0.5,0.0,178,43,0.9603174603174602,0.034132520776420615,0.9606589706589708,0.035369357056242695,0.9627437015862064,0.03234726370281598,0.9407967254300473,0.05033147325419527,feature_noise,0.5,0.02285714285714291,0.021324354657687894,0.020088378134558993,0.03423240610080158,0.02285714285714291
Wine,SVM,Kernel,0.0,0.0,0.5,0.0,178,44,0.9434920634920635,0.025914369522429526,0.9466907166907168,0.027372289939012494,0.9452137907359557,0.025054446020604106,0.9168766262364626,0.037937375602436214,feature_noise,0.5,0.03968253968253965,0.03529260862594186,0.03761828898480968,0.058152505294386314,0.03968253968253965
Wine,MLP,Neural,0.0,0.0,0.5,0.0,178,42,0.8880952380952379,0.055330610356554184,0.8898124098124096,0.05806809572907237,0.8917023369337536,0.055446698340919996,0.8342044860022824,0.08225449003343586,feature_noise,0.5,0.0313756613756615,0.03393458393458426,0.02930831800982625,0.048787818221062595,0.0313756613756615
Wine,MLP,Neural,0.0,0.0,0.5,0.0,178,43,0.8484126984126984,0.03312862310652584,0.858013468013468,0.03294170133127138,0.8507035251814721,0.03347007618990607,0.7771953789624296,0.051829460879444636,feature_noise,0.5,0.07105820105820104,0.06573352573352587,0.07030712976210773,0.10579692526091533,0.07105820105820104
Wine,MLP,Neural,0.0,0.0,0.5,0.0,178,44,0.8757142857142857,0.06696945600263592,0.889071669071669,0.05792583289546623,0.8778393334154927,0.06566741760758016,0.8216176989461037,0.09638546388844257,feature_noise,0.5,0.04375661375661377,0.03467532467532486,0.043171321528087114,0.061374605277241256,0.04375661375661377
Wine,GB,Boosting,0.0,0.0,0.5,0.0,178,42,0.926984126984127,0.0283456689166809,0.9234102934102933,0.03469817451107518,0.9281575755465423,0.028417183949138104,0.893169321516244,0.04223580374185183,feature_noise,0.5,0.003809523809523818,0.005475388808722226,0.0038005890296782807,0.005458360909828985,0.003809523809523818
Wine,GB,Boosting,0.0,0.0,0.5,0.0,178,43,0.8652380952380951,0.04762010580834827,0.8649687349687349,0.053142424709109605,0.8646536489065006,0.047659708951021826,0.7980620832784945,0.07355476807249244,feature_noise,0.5,0.0655555555555557,0.06391694725028063,0.06730451566971996,0.10056559914757845,0.0655555555555557
Wine,GB,Boosting,0.0,0.0,0.5,0.0,178,44,0.881904761904762,0.05513537246679441,0.8833285233285233,0.0501183930177687,0.880651372072597,0.05476304787802239,0.8271290622403091,0.07786681357772082,feature_noise,0.5,0.04888888888888887,0.04555715889049228,0.05130679250362358,0.0714986201857638,0.04888888888888887
BreastCancer,LR,Linear,0.0,0.0,0.5,0.0,569,42,0.9525539512498058,0.008916499953808,0.9459409558123937,0.010976523819107718,0.9488930951053298,0.009432491045769435,0.8992805281543254,0.018819898527361698,feature_noise,0.5,0.022869119701909857,0.02496208950516199,0.024557150266780514,0.04868927152964808,0.022869119701909857
BreastCancer,LR,Linear,0.0,0.0,0.5,0.0,569,43,0.9437820214252444,0.011819453636820996,0.9378741440893423,0.015154086981159602,0.939524180184996,0.01317137880093387,0.8797844718846305,0.026417042742017494,feature_noise,0.5,0.03164104952647129,0.033028901228213337,0.033926065187114385,0.06818532779934294,0.03164104952647129
BreastCancer,LR,Linear,0.0,0.0,0.5,0.0,569,44,0.9560937742586555,0.012339688646904016,0.9517894186826383,0.01651247423656346,0.952848755434259,0.013480523505309875,0.9068809134700595,0.025792652163507967,feature_noise,0.5,0.01932929669306016,0.019113626634917336,0.02060148993785138,0.04108888621391393,0.01932929669306016
BreastCancer,RF,Ensemble,0.0,0.0,0.5,0.0,569,42,0.9385499146095327,0.02280302747994593,0.9317787214241522,0.026085748014157247,0.9337805564018046,0.024425087998830926,0.8709956549511748,0.047680691487838614,feature_noise,0.5,0.022801842364022162,0.025708124717296,0.024737894411244632,0.04770270916874686,0.022801842364022162
BreastCancer,RF,Ensemble,0.0,0.0,0.5,0.0,569,43,0.9455674584691819,0.02024422004124361,0.9374483334113208,0.024453073576953057,0.9410890929210589,0.022224941089798503,0.8832281093619079,0.04424481443936334,feature_noise,0.5,0.015784298504373018,0.020038512730127356,0.017429357891990294,0.0354702547580138,0.015784298504373018
BreastCancer,RF,Ensemble,0.0,0.0,0.5,0.0,569,44,0.9367334264865704,0.021763683346413758,0.928607627678214,0.02658864948302831,0.9316694991125761,0.023865306743905332,0.8643275332622634,0.046857783258135874,feature_noise,0.5,0.024618330486984474,0.028879218463234158,0.026848951700473078,0.05437083085765826,0.024618330486984474
BreastCancer,XGB,Boosting,0.0,0.0,0.5,0.0,569,42,0.9262381617761216,0.01612732184729902,0.9221248030820582,0.023534178859806316,0.9209386197855796,0.017769205882601113,0.8459725179325611,0.03427721700597864,feature_noise,0.5,0.04096154841380739,0.04027461495935125,0.04370717977704153,0.08464819005707669,0.04096154841380739
BreastCancer,XGB,Boosting,0.0,0.0,0.5,0.0,569,43,0.947290793355069,0.012351344886321258,0.9387622894992695,0.01738705756188066,0.9428825256704453,0.013913428051179151,0.8873482844809507,0.027040172078046012,feature_noise,0.5,0.019908916834859958,0.02363712854213995,0.021763273892175805,0.0432724235086871,0.019908916834859958
BreastCancer,XGB,Boosting,0.0,0.0,0.5,0.0,569,44,0.9280391243595716,0.0324871311454933,0.918986723961339,0.03557183570383792,0.9222938373867919,0.03517564747567489,0.846591966552533,0.06926801996512112,feature_noise,0.5,0.03916058583035742,0.043412694080070535,0.04235196217582915,0.08402874143710481,0.03916058583035742
BreastCancer,SVM,Kernel,0.0,0.0,0.5,0.0,569,42,0.9490607048594939,0.013965600353010527,0.9382419842049714,0.018301765401752344,0.9445443718639615,0.01546194635098051,0.8913535786789571,0.02995364333382125,feature_noise,0.5,0.026352015732546752,0.033853508648792,0.02902727691530027,0.05634878053238235,0.026352015732546752
BreastCancer,SVM,Kernel,0.0,0.0,0.5,0.0,569,43,0.9526005278683435,0.018846342357661874,0.9430430125975491,0.023428829344547937,0.9484499564766897,0.02076718174208581,0.8985858071586865,0.040661999147320896,feature_noise,0.5,0.022812192723697167,0.02905248025621432,0.025121692302571996,0.04911655205265297,0.022812192723697167
BreastCancer,SVM,Kernel,0.0,0.0,0.5,0.0,569,44,0.9578481602235678,0.016966367544203897,0.9512495515730037,0.019837283444067773,0.9545585068913308,0.01826871246560706,0.9098631271392694,0.036049739423389675,feature_noise,0.5,0.01756456036847287,0.020845941280759672,0.019013141887930907,0.03783923207207007,0.01756456036847287
BreastCancer,MLP,Neural,0.0,0.0,0.5,0.0,569,42,0.9332867567147959,0.02571127782305993,0.9221775744908729,0.03259807095349295,0.9273381177539048,0.02800367972898482,0.8597142196749319,0.05489665333552231,feature_noise,0.5,0.013414066138798142,0.015841019415372526,0.014842340690002898,0.026145674980280642,0.013414066138798142
BreastCancer,MLP,Neural,0.0,0.0,0.5,0.0,569,43,0.9191740412979351,0.028996263385902492,0.9057739200058231,0.03546093655161869,0.9116757344612386,0.0331102049839275,0.8259089128276965,0.06397568969712915,feature_noise,0.5,0.027526781555658908,0.032244673900422294,0.030504723982669124,0.059950981827516014,0.027526781555658908
BreastCancer,MLP,Neural,0.0,0.0,0.5,0.0,569,44,0.9155565905915232,0.02952578023273163,0.901139004570056,0.03262220071334036,0.9079260478935869,0.03253249048460202,0.8183622403480191,0.06458404941538301,feature_noise,0.5,0.03114423226207086,0.0368795893361894,0.03425441055032086,0.06749765430719346,0.03114423226207086
BreastCancer,GB,Boosting,0.0,0.0,0.5,0.0,569,42,0.9227449153858096,0.02495338202587306,0.9144420788295665,0.0254917987120391,0.9168823501815389,0.025926514458484925,0.837074471701112,0.05047925215317038,feature_noise,0.5,0.03332298297365843,0.03657411740035388,0.035872025539231744,0.06953661941747835,0.03332298297365843
BreastCancer,GB,Boosting,0.0,0.0,0.5,0.0,569,43,0.9385188635305075,0.014585994424363306,0.9318699015800227,0.016779521302695354,0.9338831857817429,0.015700935321157128,0.8686828509436714,0.03136185745020642,feature_noise,0.5,0.01754903482896053,0.0191462946498977,0.0188711899390277,0.037928240174919026,0.01754903482896053
BreastCancer,GB,Boosting,0.0,0.0,0.5,0.0,569,44,0.9297158826269213,0.016587613130041975,0.9221349414315348,0.019298702119980166,0.9243576194498327,0.017845281456321055,0.8498359162582558,0.03520018080860191,feature_noise,0.5,0.026352015732546752,0.028881254798385547,0.02839675627093785,0.056775174860334565,0.026352015732546752
Digits,LR,Linear,0.0,0.0,0.5,0.0,1797,42,0.8269127205199629,0.02890329019293095,0.8269263797579487,0.02893899693573422,0.8268520856509542,0.028883508055461523,0.6543829933075053,0.05821289138497254,feature_noise,0.5,0.06587124729186,0.06587854220466327,0.06591832296829359,0.13146692640630186,0.06587124729186
Digits,LR,Linear,0.0,0.0,0.5,0.0,1797,43,0.8313803775920767,0.016684393669687044,0.8313985513956192,0.016676906504437976,0.8313259213281994,0.016646491543546124,0.6632923990221331,0.033750941850584984,feature_noise,0.5,0.061403590219746174,0.06140637056699272,0.061444487291048455,0.12255752069167403,0.061403590219746174
Digits,LR,Linear,0.0,0.0,0.5,0.0,1797,44,0.8386103373568554,0.01555157204309286,0.8386055982523466,0.015557742325228939,0.8385917023540518,0.015536965925758059,0.6773689567267713,0.03126800318961889,feature_noise,0.5,0.05417363045496748,0.05419932371026537,0.05417870626519605,0.1084809629870358,0.05417363045496748
Digits,RF,Ensemble,0.0,0.0,0.5,0.0,1797,42,0.9376740947075209,0.010800970876438002,0.9376501503818705,0.010794373832038169,0.9376623654543799,0.010798758882132027,0.875593763876908,0.02170427900382585,feature_noise,0.5,0.040068606210667546,0.04009023483806651,0.040078995622712665,0.07995752844328685,0.040068606210667546
Digits,RF,Ensemble,0.0,0.0,0.5,0.0,1797,43,0.9376508820798515,0.02122936678780184,0.9376502532657044,0.021246903773638807,0.9376441016401745,0.021237925002995324,0.8754077142912571,0.04235873470755643,feature_noise,0.5,0.04009181883833701,0.04009013195423261,0.040097259436918,0.08014357802893779,0.04009181883833701
Digits,RF,Ensemble,0.0,0.0,0.5,0.0,1797,44,0.9443701640359023,0.014432547238721113,0.9443601654372049,0.014427197615428034,0.944363488966936,0.014434456839111823,0.8888900265223796,0.02883098543704619,feature_noise,0.5,0.03337253688228614,0.03338021978273209,0.033377872110156526,0.06666126579781528,0.03337253688228614
Digits,XGB,Boosting,0.0,0.0,0.5,0.0,1797,42,0.9343330238316311,0.01215332181213888,0.9343633033941376,0.012176536239572546,0.9343294873115745,0.012151808947740362,0.8688687735882802,0.024448164250800795,feature_noise,0.5,0.03579954606417002,0.03576482127363312,0.035801047108657835,0.07147749984262819,0.03579954606417002
Digits,XGB,Boosting,0.0,0.0,0.5,0.0,1797,43,0.9337666357164964,0.013038371308691506,0.9337520533898509,0.013027238432991691,0.9337595672908247,0.013034511387027279,0.8676740414261651,0.026153711151872983,feature_noise,0.5,0.03636593417930467,0.036376071277919864,0.03637096712940768,0.07267223200474326,0.03636593417930467
Digits,XGB,Boosting,0.0,0.0,0.5,0.0,1797,44,0.9410229031259671,0.01582792613161225,0.9409958297752674,0.015857102701519077,0.941007689202709,0.01583700287695646,0.8823356053242772,0.03163400743996588,feature_noise,0.5,0.029109666769833953,0.029132294892503352,0.029122845217523285,0.058010668106631136,0.029109666769833953
Digits,SVM,Kernel,0.0,0.0,0.5,0.0,1797,42,0.9616125038687713,0.016040253358061727,0.9616105606825999,0.016034596501683002,0.961610004274881,0.016040313309441043,0.9233487651348792,0.03212386953507683,feature_noise,0.5,0.019100897554936602,0.01910725982626349,0.019102146976550993,0.03816029648474084,0.019100897554936602
Digits,SVM,Kernel,0.0,0.0,0.5,0.0,1797,43,0.9638207985143918,0.012838980069773463,0.9638142295201156,0.012868629783951976,0.9638119465130943,0.012845201777974278,0.9279789355463718,0.025601844397175853,feature_noise,0.5,0.016892602909316046,0.01690359098874772,0.016900204738337643,0.033530126073248234,0.016892602909316046
Digits,SVM,Kernel,0.0,0.0,0.5,0.0,1797,44,0.9660631383472609,0.007504473357125631,0.9660519014647229,0.00751946989517604,0.9660609146033028,0.0075074481718146934,0.9321603251827864,0.014973389895543624,feature_noise,0.5,0.014650263076447012,0.014665919044140496,0.014651236648129173,0.029348736436833667,0.014650263076447012
Digits,MLP,Neural,0.0,0.0,0.5,0.0,1797,42,0.9371231816774992,0.015780068353951203,0.9371193555356647,0.01578914302194606,0.9371105035590152,0.01578373350679894,0.8745546442007992,0.03155108747408948,feature_noise,0.5,0.026522748375116145,0.026533312070674442,0.026534214755655205,0.052804714440244926,0.026522748375116145
Digits,MLP,Neural,0.0,0.0,0.5,0.0,1797,43,0.9309981429897863,0.009531050020673833,0.9310297985877479,0.009511081489309594,0.9309850882492373,0.009534477652782291,0.8624123451401801,0.018936566731635938,feature_noise,0.5,0.032647787062829,0.03262286901859124,0.03265963006543304,0.06494701350086407,0.032647787062829
Digits,MLP,Neural,0.0,0.0,0.5,0.0,1797,44,0.93545341999381,0.008287683240914669,0.9354650349290615,0.008261048340261158,0.9354447965050413,0.008285130083374986,0.8711793301195719,0.016588408278628796,feature_noise,0.5,0.028192510058805298,0.02818763267727764,0.028199921809629047,0.05618002852147219,0.028192510058805298
Digits,GB,Boosting,0.0,0.0,0.5,0.0,1797,42,0.9254317548746519,0.0066674425310792535,0.9254216522457828,0.006677101500505859,0.9254191679484041,0.006676062871722201,0.8510779422942966,0.013186994742319026,feature_noise,0.5,0.041732693696481915,0.0417383252569522,0.04174246920864999,0.08335201038248408,0.041732693696481915
Digits,GB,Boosting,0.0,0.0,0.5,0.0,1797,43,0.9237480656143611,0.011438822829394936,0.9237488468436954,0.011427447063709148,0.9237421022918919,0.01143950110357587,0.8476125624363929,0.022822133982166145,feature_noise,0.5,0.04341638295677275,0.043411130659039565,0.043419534865162146,0.0868173902403877,0.04341638295677275
Digits,GB,Boosting,0.0,0.0,0.5,0.0,1797,44,0.9304549675023214,0.015163243018270274,0.9304309632327472,0.015206331457131116,0.9304359703341973,0.015187765527632312,0.8611630692626404,0.030068834281510803,feature_noise,0.5,0.036709481068812444,0.03672901426998776,0.03672566682285672,0.07326688341414023,0.036709481068812444
Spambase,LR,Linear,0.0,0.0,0.0,0.2,4238,42,0.9252002071684748,0.0030492430667156518,0.9102188436871698,0.004402329714100652,0.9157470481678767,0.0035579722387351783,0.8324147155905953,0.006917723676830408,imbalance,0.2,3.4572293042933744e-05,0.008058572591661428,0.005394068783769468,0.010592645004489643,3.4572293042933744e-05
Spambase,LR,Linear,0.0,0.0,0.0,0.2,4238,43,0.9240178989106947,0.006127031568002268,0.908825937989481,0.010310466271160204,0.9143427406666349,0.007542405924879649,0.8298749310114772,0.014097962629130571,imbalance,0.2,0.0012168805508230296,0.009451478289350224,0.006798376285011232,0.013132429583607719,0.0012168805508230296
Spambase,LR,Linear,0.0,0.0,0.0,0.2,4238,44,0.9261427680381369,0.007121900047880312,0.9110968012644323,0.009793612401649663,0.9167509637804944,0.008232989411435883,0.8347107270023765,0.01621824707597564,imbalance,0.2,-0.000907988576619112,0.007180615014398928,0.004390153171151767,0.008296633592708491,-0.000907988576619112
Spambase,RF,Ensemble,0.0,0.0,0.0,0.2,4238,42,0.9443120558686596,0.003924293515879556,0.9303697816156303,0.006418041356557328,0.937112497719465,0.004643766060281823,0.8755678503740194,0.008774013295924294,imbalance,0.2,0.0004834562558426736,0.007042183295167592,0.004477471779833708,0.008698965097968081,0.0004834562558426736
Spambase,RF,Ensemble,0.0,0.0,0.0,0.2,4238,43,0.9480887037490812,0.0062409993566047445,0.9350615163644601,0.008566152769096232,0.9414362148572091,0.007165214942294114,0.8840586492670706,0.014082314078294855,imbalance,0.2,-0.0032931916245788617,0.0023504485463378133,0.00015375464208966516,0.0002081662049169264,-0.0032931916245788617
Spambase,RF,Ensemble,0.0,0.0,0.0,0.2,4238,44,0.947144750618164,0.004801379915613273,0.9326859353667117,0.0058093111370466225,0.940219787436557,0.005446304279956744,0.8819774873213817,0.010922115820389072,imbalance,0.2,-0.002349238493661754,0.0047260295440861855,0.0013701820627417538,0.002289328150605785,-0.002349238493661754
Spambase,XGB,Boosting,0.0,0.0,0.0,0.2,4238,42,0.9518642378204986,0.007360132595294802,0.9437216030312289,0.010660406186956038,0.94618357705109,0.008516865657938796,0.8927965298919431,0.01661701227303917,imbalance,0.2,-0.0014900383838434283,0.002377375799113346,0.0016312220190407567,0.0031029536725987183,-0.0014900383838434283
Spambase,XGB,Boosting,0.0,0.0,0.0,0.2,4238,43,0.9520981377113452,0.0034946166191581187,0.9443983063390023,0.006519982748143229,0.9465112525236627,0.00415588114455051,0.8932956365032674,0.008151616869270198,imbalance,0.2,-0.0017239382746900844,0.0017006724913398719,0.0013035465464680263,0.002603847061274478,-0.0017239382746900844
Spambase,XGB,Boosting,0.0,0.0,0.0,0.2,4238,44,0.9516264395981378,0.005021678456830083,0.9430423257705716,0.004867260090160508,0.9459272530741398,0.005470636125051272,0.8921926067924002,0.011067125062426537,imbalance,0.2,-0.0012522401614826206,0.003056653059770653,0.0018875459959909469,0.003706876772141654,-0.0012522401614826206
Spambase,SVM,Kernel,0.0,0.0,0.0,0.2,4238,42,0.9322784633890981,0.0046477984574935126,0.9184096965242983,0.004565638641923761,0.9237884562252339,0.005120191497646505,0.8483716787812317,0.010402057362090242,imbalance,0.2,0.0006360592627138173,0.007880333460334232,0.005451947682004521,0.010720266515752419,0.0006360592627138173
Spambase,SVM,Kernel,0.0,0.0,0.0,0.2,4238,43,0.9315698024102825,0.004442048282143967,0.9172121716018886,0.006732746459089625,0.9228948314532188,0.005085996451738265,0.8470371652710034,0.010061784356844109,imbalance,0.2,0.001344720241529429,0.009077858382743886,0.006345572454019566,0.012054780025980705,0.001344720241529429
Spambase,SVM,Kernel,0.0,0.0,0.0,0.2,4238,44,0.932515426254706,0.007211413005043873,0.9187522719017318,0.010089903605562495,0.9240213811858551,0.008342300106705572,0.8490750713900242,0.01633891788203598,imbalance,0.2,0.0003990963971060024,0.007537758082900692,0.005219022721383304,0.010016873906959822,0.0003990963971060024
Spambase,MLP,Neural,0.0,0.0,0.0,0.2,4238,42,0.9320417789757413,0.006377402524747894,0.9198856809891612,0.008720285041115258,0.9237706670193429,0.0073867884645312755,0.8481000612508959,0.014549576792507244,imbalance,0.2,0.005002234305348963,0.012835095987829837,0.010107490922401596,0.019918362074172302,0.005002234305348963
Spambase,MLP,Neural,0.0,0.0,0.0,0.2,4238,43,0.935342273506939,0.009686542729405707,0.9232262613312173,0.01491062008170314,0.9273382944454724,0.011446462294618811,0.8556496889227979,0.022157176524976743,imbalance,0.2,0.001701739774151223,0.009494515645773749,0.006539863496272003,0.012368734402270265,0.001701739774151223
Spambase,MLP,Neural,0.0,0.0,0.0,0.2,4238,44,0.9372346350047893,0.007435740788490322,0.9264762607210131,0.010299273700347548,0.929702489331037,0.008601027450517594,0.8599430725257611,0.01688809150426452,imbalance,0.2,-0.00019062172369910257,0.006244516255977994,0.004175668610707395,0.008075350799307102,-0.00019062172369910257
Spambase,GB,Boosting,0.0,0.0,0.0,0.2,4238,42,0.9518631240114945,0.004573347071929118,0.9437212812871184,0.006551174555319495,0.9462118713406482,0.005238994063796304,0.8926855040078356,0.010315416469009036,imbalance,0.2,-0.004170398712905921,-0.00073613723728716,-0.001254680220559079,-0.0024037936715638475,-0.004170398712905921
Spambase,GB,Boosting,0.0,0.0,0.0,0.2,4238,43,0.9490307077142411,0.004584150537036474,0.939749288113419,0.007041510093705255,0.9429438816989849,0.005316830576258928,0.8862508838340473,0.01047203803415485,imbalance,0.2,-0.0013379824156525277,0.0032358559364122907,0.0020133094211042257,0.004030826502224527,-0.0013379824156525277
Spambase,GB,Boosting,0.0,0.0,0.0,0.2,4238,44,0.9511558552939341,0.00339027109138719,0.9410299938735485,0.004825844707740526,0.9452126943359366,0.003869194773257397,0.8909863060627415,0.007548302343989194,imbalance,0.2,-0.003463129995345482,0.0019551501762827828,-0.0002555032158474413,-0.0007045957264697478,-0.003463129995345482
Bank,LR,Linear,0.0,0.0,0.0,0.2,4883,42,0.908255658841888,0.005775014879526852,0.6159330400899783,0.01657069990344566,0.6484708754563109,0.020204024554675407,0.3313977937584575,0.04098112351381629,imbalance,0.2,-0.012122325508554743,0.02570628195704472,0.02821635481888385,0.05426287335014873,-0.012122325508554743
Bank,LR,Linear,0.0,0.0,0.0,0.2,4883,43,0.909685890229374,0.003348437060143085,0.6167372311018285,0.01521248750095455,0.6503717734396751,0.015521881095219523,0.338642299817727,0.02579917202456255,imbalance,0.2,-0.013552556896040735,0.024902090945194466,0.026315456835519613,0.04701836729087927,-0.013552556896040735
Bank,LR,Linear,0.0,0.0,0.0,0.2,4883,44,0.9090700874205078,0.0087193635173202,0.6144162480344431,0.01876545645356445,0.6485863486036234,0.027945038961137442,0.3345869659976926,0.06773590048850689,imbalance,0.2,-0.01293675408717454,0.02722307401257995,0.02810088167157132,0.05107370111091364,-0.01293675408717454
Bank,RF,Ensemble,0.0,0.0,0.0,0.2,4883,42,0.9103027417487457,0.005859378175818511,0.5740950017268661,0.02049046492527673,0.6015109183266169,0.030141626863108905,0.2845872837673678,0.060149940556187456,imbalance,0.2,-0.014369408415412344,0.029369940696173713,0.035929532274992626,0.0582380246633879,-0.014369408415412344
Bank,RF,Ensemble,0.0,0.0,0.0,0.2,4883,43,0.9117338121046361,0.004132992535893487,0.5738799790547864,0.01283598509581077,0.6029680296431176,0.01988089252430415,0.29438828862046046,0.050055949583371014,imbalance,0.2,-0.01580047877130275,0.029584963368253447,0.0344724209584919,0.048437019810295245,-0.01580047877130275
Bank,RF,Ensemble,0.0,0.0,0.0,0.2,4883,44,0.9102989663909258,0.005160061923067143,0.5721480865987683,0.015405740126842878,0.5995828046830076,0.02305499891864229,0.2837579756566032,0.05730469470445956,imbalance,0.2,-0.01436563305759242,0.03131685582427157,0.03785764591860186,0.05906733277415249,-0.01436563305759242
Bank,XGB,Boosting,0.0,0.0,0.0,0.2,4883,42,0.9082535614208769,0.007044168403410091,0.6331349834036905,0.02564436352836131,0.6644785262558077,0.029998819857815343,0.35206800217019085,0.059547353383723335,imbalance,0.2,-0.012520228087543606,0.031262805795910786,0.030798949558167088,0.05697325214118282,-0.012520228087543606
Bank,XGB,Boosting,0.0,0.0,0.0,0.2,4883,43,0.9076369196436062,0.0050244490595752955,0.6222473457693596,0.018447209917919292,0.6539347371009121,0.021687632511560175,0.3363053767321673,0.04331375818640995,imbalance,0.2,-0.011903586310272884,0.04215044343024166,0.04134273871306271,0.07273587757920635,-0.011903586310272884
Bank,XGB,Boosting,0.0,0.0,0.0,0.2,4883,44,0.9062022836719968,0.008540552947920721,0.6166673791770273,0.02121090269962706,0.6477112774203182,0.028398145480787326,0.3249694003226876,0.0647854739920571,imbalance,0.2,-0.010468950338663574,0.047730410022573944,0.04756619839365661,0.08407185398868605,-0.010468950338663574
Bank,SVM,Kernel,0.0,0.0,0.0,0.2,4883,42,0.9055929828682652,0.007755418212968762,0.5476342453725043,0.010222542967184141,0.5630777120333966,0.016627446870954778,0.2207690827777892,0.07050018527851092,imbalance,0.2,-0.015392982868265181,0.04072097978906286,0.053049697466855616,0.07530489692259337,-0.015392982868265181
Bank,SVM,Kernel,0.0,0.0,0.0,0.2,4883,43,0.9070242629662566,0.004822336748798249,0.5503395953925712,0.01369312567653009,0.5664416994320594,0.021391229078343902,0.22674993895468792,0.055059685712457174,imbalance,0.2,-0.01682426296625661,0.03801562976899597,0.04968571006819289,0.06932404074569465,-0.01682426296625661
Bank,SVM,Kernel,0.0,0.0,0.0,0.2,4883,44,0.9070240532241556,0.0028631101014603504,0.5569936519213295,0.009058812333871607,0.5769636032500198,0.013915515092618022,0.235049181721801,0.03319836611005514,imbalance,0.2,-0.01682405322415559,0.031361573240237584,0.039163806250232414,0.06102479797858157,-0.01682405322415559
Bank,MLP,Neural,0.0,0.0,0.0,0.2,4883,42,0.9047722620266121,0.0028020996485137112,0.537492424719394,0.04502445442013741,0.5367234691768715,0.06290074698622872,0.15344777584262076,0.11736992136015689,imbalance,0.2,-0.013772262026612081,0.08171527500925702,0.1099632158053847,0.18072726000164407,-0.013772262026612081
Bank,MLP,Neural,0.0,0.0,0.0,0.2,4883,43,0.9074326308371228,0.004896435545248438,0.5916469171749457,0.04818451655795221,0.6134933459966142,0.06565431189476674,0.2758205502351623,0.11015685912612783,imbalance,0.2,-0.016432630837122764,0.02756078255370531,0.03319333898564203,0.05835448560910256,-0.016432630837122764
Bank,MLP,Neural,0.0,0.0,0.0,0.2,4883,44,0.909685890229374,0.005127404085421617,0.5698614206212935,0.04793142067640045,0.5872191368411593,0.06801654475024671,0.2460625067501207,0.13888963382037708,imbalance,0.2,-0.018685890229373947,0.04934627910735745,0.05946754814109689,0.08811252909414413,-0.018685890229373947
Bank,GB,Boosting,0.0,0.0,0.0,0.2,4883,42,0.9080488531301911,0.006888401878233287,0.6425847233114993,0.025072947709644,0.6725332426387449,0.028615118836937896,0.36332470948210227,0.0566730666874947,imbalance,0.2,-0.013648853130191152,0.023282415715322635,0.0224462164411795,0.042671270156460495,-0.013648853130191152
Bank,GB,Boosting,0.0,0.0,0.0,0.2,4883,43,0.9037466231521721,0.007135508018378011,0.6239093474363748,0.028580606140145626,0.6511112976886893,0.031749531356081724,0.32260873824455627,0.0609145461552217,imbalance,0.2,-0.009346623152172162,0.0419577915904471,0.04386816139123517,0.0833872413940065,-0.009346623152172162
Bank,GB,Boosting,0.0,0.0,0.0,0.2,4883,44,0.9066114905112673,0.007687874465402446,0.6264797479941537,0.009683113938816951,0.6576236212198706,0.014960774104137525,0.3413628072158391,0.0397181400052621,imbalance,0.2,-0.012211490511267353,0.039387391032668195,0.03735583786005381,0.06463317242272365,-0.012211490511267353
Wine,LR,Linear,0.0,0.0,0.0,0.2,156,42,0.9679435483870968,0.020405775691741946,0.972936507936508,0.01674659594325278,0.9689338943429545,0.017882123786242776,0.9524986465069597,0.029587909751585276,imbalance,0.2,0.01718872674517813,0.012848324514991183,0.015938592636645987,0.025619587800419397,0.01718872674517813
Wine,LR,Linear,0.0,0.0,0.0,0.2,156,43,0.961491935483871,0.03165001524708131,0.9647619047619049,0.03195802235345242,0.9629630629797081,0.030428801839240533,0.9418780645046679,0.04797671997668787,imbalance,0.2,0.023640339648403952,0.02102292768959424,0.021909423999892375,0.036240169802711164,0.023640339648403952
Wine,LR,Linear,0.0,0.0,0.0,0.2,156,44,0.9806451612903226,0.02580645161290324,0.9821428571428573,0.025532869749437113,0.9799911816578483,0.026382976548490807,0.9703625546822782,0.039824911755074084,imbalance,0.2,0.004487113841952328,0.003641975308641854,0.004881305321752238,0.007755679625100931,0.004487113841952328
Wine,RF,Ensemble,0.0,0.0,0.0,0.2,156,42,0.9870967741935484,0.0158031596308592,0.9904761904761905,0.011664236870396045,0.9879655565930076,0.014786366546367145,0.9807152748629189,0.02361936525247867,imbalance,0.2,-0.0039221710189450976,-0.005026455026455046,-0.004234809973372,-0.005637638922122545,-0.0039221710189450976
Wine,RF,Ensemble,0.0,0.0,0.0,0.2,156,43,0.9806451612903226,0.025806451612903243,0.9838095238095239,0.022456811662003,0.9821807241415085,0.023232308277951585,0.9702762229626,0.04003461857704994,imbalance,0.2,0.0025294418842806143,0.001640211640211553,0.0015500224781270777,0.004801412978196362,0.0025294418842806143
Wine,RF,Ensemble,0.0,0.0,0.0,0.2,156,44,0.9870967741935484,0.025806451612903247,0.9904761904761905,0.01904761904761902,0.9874414543145192,0.02511709137096134,0.9812248961214604,0.03755020775707911,imbalance,0.2,-0.0039221710189450976,-0.005026455026455046,-0.003710707694883686,-0.006147260180664027,-0.0039221710189450976
Wine,XGB,Boosting,0.0,0.0,0.0,0.2,156,42,0.955241935483871,0.015322580645161319,0.9566402116402116,0.01797937783937015,0.9574559421805962,0.014816562013839652,0.932420739780218,0.02345279416878394,imbalance,0.2,0.0017421915002558963,0.00230960397627078,-0.00031485057736924116,0.003624413031612206,0.0017421915002558963
Wine,XGB,Boosting,0.0,0.0,0.0,0.2,156,43,0.9554435483870968,0.03195675814689447,0.959047619047619,0.0346802694400631,0.9579647077686293,0.029718936588277463,0.9330134861908228,0.04782380738405183,imbalance,0.2,0.0015405785970301622,-9.780343113663381e-05,-0.0008236161654023855,0.0030316666210074006,0.0015405785970301622
Wine,XGB,Boosting,0.0,0.0,0.0,0.2,156,44,0.9806451612903226,0.02580645161290324,0.9794973544973544,0.02667238747739494,0.9810644596616627,0.02536306201715976,0.9704969399162854,0.03942727174593829,imbalance,0.2,-0.023661034306195705,-0.02054753888087202,-0.023923368058435757,-0.03445178710445518,-0.023661034306195705
Wine,SVM,Kernel,0.0,0.0,0.0,0.2,156,42,0.9872983870967742,0.015559501114173167,0.9885714285714287,0.014317425122259897,0.9879499860058466,0.014803432102482793,0.9807870268218185,0.023531023989664588,imbalance,0.2,-0.004123783922171054,-0.006588103254769995,-0.005117906285081242,-0.005757895290969595,-0.004123783922171054
Wine,SVM,Kernel,0.0,0.0,0.0,0.2,156,43,0.9743951612903226,0.012808371108281112,0.9707142857142858,0.0166938553742458,0.973779635283772,0.013416513484070533,0.9611595414131688,0.01942617485548381,imbalance,0.2,0.008779441884280592,0.01126903960237291,0.009052444436993379,0.013869590117680075,0.008779441884280592
Wine,SVM,Kernel,0.0,0.0,0.0,0.2,156,44,0.9806451612903226,0.02580645161290324,0.9794973544973544,0.030526624568336793,0.9807988380537399,0.025613668311201456,0.9709823406120843,0.038789193011650853,imbalance,0.2,0.0025294418842805033,0.0024859708193042396,0.002033241667025454,0.004046790918764587,0.0025294418842805033
Wine,MLP,Neural,0.0,0.0,0.0,0.2,156,42,0.8723790322580646,0.05146305111002016,0.8815608465608464,0.041403308128968204,0.8784818292589189,0.04328329062838471,0.8094129462025312,0.07140702488670331,imbalance,0.2,0.04709186721283487,0.04218614718614744,0.042528825684660876,0.07357935802081372,0.04709186721283487
Wine,MLP,Neural,0.0,0.0,0.0,0.2,156,43,0.7899193548387097,0.15596240441879436,0.8213227513227513,0.11502253051330932,0.7863787280058648,0.15923854833149906,0.7218678892452963,0.18955956669091703,imbalance,0.2,0.12955154463218976,0.10242424242424253,0.13463192693771497,0.16112441497804864,0.12955154463218976
Wine,MLP,Neural,0.0,0.0,0.0,0.2,156,44,0.8977822580645162,0.03608589374488769,0.9101322751322751,0.03537597949928743,0.9042765977286102,0.03194276755988951,0.8503940494837469,0.04745889321319798,imbalance,0.2,0.02168864140638327,0.013614718614718746,0.016734057214969567,0.0325982547395981,0.02168864140638327
Wine,GB,Boosting,0.0,0.0,0.0,0.2,156,42,0.8913306451612903,0.03134027024487585,0.8777513227513227,0.04737580437558856,0.887521026657649,0.04281327774209852,0.8345686428512771,0.04973934790438605,imbalance,0.2,0.03946300563236049,0.05113435946769285,0.04443713791857162,0.06405903957479586,0.03946300563236049
Wine,GB,Boosting,0.0,0.0,0.0,0.2,156,43,0.8975806451612904,0.06860054941334431,0.8928571428571429,0.07565286517423049,0.8961733668498553,0.06698568869800457,0.8440903614882826,0.10921143741998733,imbalance,0.2,0.033213005632360404,0.03602853936187267,0.035784797726365336,0.05453732093779029,0.033213005632360404
Wine,GB,Boosting,0.0,0.0,0.0,0.2,156,44,0.9227822580645162,0.03317497285818813,0.9184656084656085,0.029340592297583273,0.9228309294351771,0.03324096785551791,0.8853602182132889,0.04830400873233829,imbalance,0.2,0.008011392729134648,0.010420073753407033,0.009127235141043522,0.01326746421278402,0.008011392729134648
BreastCancer,LR,Linear,0.0,0.0,0.0,0.2,526,42,0.9734591194968554,0.020973483660783828,0.9663675905701588,0.027030901054067757,0.9692284490117992,0.024306491068866756,0.9392197241408441,0.048633200073275984,imbalance,0.2,0.00196395145486028,0.0045354547473969165,0.00422179636031117,0.008750075543129343,0.00196395145486028
BreastCancer,LR,Linear,0.0,0.0,0.0,0.2,526,43,0.9848158131177,0.011366015712936535,0.9795751633986928,0.017010345435994313,0.9823853963843672,0.013246068991225334,0.9653418795990742,0.025980971429434233,imbalance,0.2,-0.009392742165984291,-0.008672118081137103,-0.008935151012256837,-0.017372079915100813,-0.009392742165984291
BreastCancer,LR,Linear,0.0,0.0,0.0,0.2,526,44,0.9791015274034143,0.013968125541048853,0.9722843597532911,0.022059216214848174,0.9757217004346433,0.01640351459841067,0.9527325659662512,0.03162818622209974,imbalance,0.2,-0.0036784564516986196,-0.0013813144357354146,-0.002271455062533012,-0.004762766282277786,-0.0036784564516986196
BreastCancer,RF,Ensemble,0.0,0.0,0.0,0.2,526,42,0.9696316262353998,0.02273203142587305,0.9650920974450387,0.0222464194799288,0.9652849927849928,0.02579106890275717,0.9316108735001845,0.05105383589258471,imbalance,0.2,-0.008279869261844874,-0.007605251303590466,-0.006766541971943596,-0.012912509380262782,-0.008279869261844874
BreastCancer,RF,Ensemble,0.0,0.0,0.0,0.2,526,43,0.965768194070081,0.01662421972272226,0.9577183391495735,0.020710418522711785,0.9605330543489167,0.019247505948889562,0.9214316406601155,0.038312588923230216,imbalance,0.2,-0.00441643709652606,-0.00023149300812530527,-0.002014603535867465,-0.002733276540193841,-0.00441643709652606
BreastCancer,RF,Ensemble,0.0,0.0,0.0,0.2,526,44,0.961958670260557,0.02827055696853269,0.9534578385344747,0.03804105769215264,0.9558761630962345,0.03320114353638345,0.9130067781654867,0.06575027226477954,imbalance,0.2,-0.000606913287002131,0.004029007606973445,0.0026422877168147396,0.0056915859544349745,-0.000606913287002131
BreastCancer,XGB,Boosting,0.0,0.0,0.0,0.2,526,42,0.9640071877807725,0.0354598621529673,0.9594231461257146,0.032491249600678875,0.959371946694467,0.03903399801852862,0.9199901666317132,0.07635915894266787,imbalance,0.2,0.003192522409156462,0.002976271915694939,0.005273852868154072,0.010630541357924628,0.003192522409156462
BreastCancer,XGB,Boosting,0.0,0.0,0.0,0.2,526,43,0.9676909254267745,0.012887692929827301,0.9622118032018612,0.016828203160795002,0.962930553174148,0.014850107865802726,0.9265344036825054,0.02978808708890246,imbalance,0.2,-0.000491215236845477,0.00018761483954832237,0.0017152463884730906,0.004086304307132416,-0.000491215236845477
BreastCancer,XGB,Boosting,0.0,0.0,0.0,0.2,526,44,0.9582210242587601,0.015273822735178782,0.9472776648004485,0.016861975765042586,0.9516584508858695,0.01728628471996024,0.9043852749244682,0.03468469561521692,imbalance,0.2,0.008978685931168906,0.015121753240960989,0.012987348676751553,0.026235433065169622,0.008978685931168906
BreastCancer,SVM,Kernel,0.0,0.0,0.0,0.2,526,42,0.9715363881401619,0.01790017192850599,0.9634459759149072,0.023026440314514496,0.966985394528337,0.02070160929737817,0.9348803355114053,0.041084166775417603,imbalance,0.2,0.0038763324518787945,0.008649516938856183,0.006586254250924739,0.012822023699934237,0.0038763324518787945
BreastCancer,SVM,Kernel,0.0,0.0,0.0,0.2,526,43,0.9810062893081761,0.00845855524869779,0.9767582619902422,0.011723882961917852,0.9781446053039788,0.009770099825071673,0.9564762361388572,0.01954302365196423,imbalance,0.2,-0.0055935687161354775,-0.004662769136478784,-0.00457295652471712,-0.008773876927517743,-0.0055935687161354775
BreastCancer,SVM,Kernel,0.0,0.0,0.0,0.2,526,44,0.9734052111410602,0.013939014014787485,0.9665458436895884,0.018895139489484007,0.9693280587734652,0.016111719613863665,0.9396903397344125,0.03142292398057019,imbalance,0.2,0.0020075094509804936,0.005549649164174997,0.004243590005796549,0.00801201947692698,0.0020075094509804936
BreastCancer,MLP,Neural,0.0,0.0,0.0,0.2,526,42,0.9410601976639713,0.033759239521149925,0.9223202405161809,0.04334275102814862,0.9305692774607983,0.04055917090475844,0.8630526758252934,0.07937147141869527,imbalance,0.2,0.005640625189622717,0.015698353390064534,0.011611180983109426,0.022807218829919096,0.005640625189622717
BreastCancer,MLP,Neural,0.0,0.0,0.0,0.2,526,43,0.9468104222821203,0.01944457446940471,0.9280283154661779,0.023393785175881903,0.937481955436313,0.022968547394871277,0.8769156896068587,0.04574640877850476,imbalance,0.2,-0.00010959942852628579,0.009990278440067502,0.004698503007594779,0.008944205048353804,-0.00010959942852628579
BreastCancer,MLP,Neural,0.0,0.0,0.0,0.2,526,44,0.912650494159928,0.044908475431352575,0.8905317675512373,0.04295554104854877,0.8986626059170506,0.050236766652781865,0.8033103863221106,0.0998712894875818,imbalance,0.2,0.03405032869366598,0.047486826355008116,0.04351785252685714,0.08254950833310193,0.03405032869366598
BreastCancer,GB,Boosting,0.0,0.0,0.0,0.2,526,42,0.9582389937106918,0.021992025169871216,0.9487799494531061,0.025682416225658655,0.951748497533407,0.02497174608027704,0.9060516107737607,0.048888444766488376,imbalance,0.2,-0.0021710953512237285,0.0022362467768143324,0.0010058781873636402,0.0005594803448296659,-0.0021710953512237285
BreastCancer,GB,Boosting,0.0,0.0,0.0,0.2,526,43,0.9676909254267745,0.01864131231284778,0.9623009297615761,0.023686456360634937,0.9629075535124183,0.021587056601263963,0.9260406915563593,0.04294035636575678,imbalance,0.2,-0.011623027067306446,-0.01128473353165571,-0.010153177791647705,-0.019429600437768868,-0.011623027067306446
BreastCancer,GB,Boosting,0.0,0.0,0.0,0.2,526,44,0.9505660377358491,0.01639680734224638,0.9402698275212774,0.019007038376821207,0.9430323930658464,0.018782872076553454,0.8866892105572376,0.0373981215749899,imbalance,0.2,0.005501860623618904,0.010746368708642984,0.009721982654924188,0.0199218805613528,0.005501860623618904
Digits,LR,Linear,0.0,0.0,0.0,0.2,1617,42,0.8899208806329548,0.01881136962955542,0.8884819400979623,0.016765315275158954,0.8884968872523047,0.018561952063700045,0.7777604209901534,0.036875917916464516,imbalance,0.2,0.0028630871788680734,0.004322981864649633,0.004273521366943145,0.00808949872365372,0.0028630871788680734
Digits,LR,Linear,0.0,0.0,0.0,0.2,1617,43,0.8930206780567979,0.013850470488775184,0.8910809272066178,0.015250055504550619,0.8913995278196181,0.014216934916987207,0.7837702999568037,0.02842875689087929,imbalance,0.2,-0.00023671024497495807,0.0017239947559941626,0.00137088079962977,0.002079619757003437,-0.00023671024497495807
Digits,LR,Linear,0.0,0.0,0.0,0.2,1617,44,0.894868707717005,0.01658170128782195,0.8929220326941323,0.01711461530480052,0.8932910992682341,0.016914030423071214,0.7875260628917903,0.033859295858386325,imbalance,0.2,-0.002084739905182098,-0.00011711073152032014,-0.0005206906489862995,-0.001676143177983147,-0.002084739905182098
Digits,RF,Ensemble,0.0,0.0,0.0,0.2,1617,42,0.9746493139165997,0.010956500857331405,0.9736633654865698,0.010914227097190221,0.9742816783900295,0.011105141010927732,0.94871517633247,0.022295471917232097,imbalance,0.2,0.0030933870015887877,0.00407701973336716,0.0034596826870629815,0.006836115987724822,0.0030933870015887877
Digits,RF,Ensemble,0.0,0.0,0.0,0.2,1617,43,0.975876237434545,0.0036374012850711648,0.9747524866171275,0.004204627994112097,0.9755101805893872,0.003712458434826281,0.9512477345590884,0.007409972249393392,imbalance,0.2,0.001866463483643499,0.002987898602809458,0.00223118048770532,0.004303557761106469,0.001866463483643499
Digits,RF,Ensemble,0.0,0.0,0.0,0.2,1617,44,0.9734051905362536,0.010475900415016446,0.9724217955157182,0.010815814784783754,0.9730125937867772,0.010628076605927073,0.946251666214868,0.021254832103062653,imbalance,0.2,0.0043375103819348615,0.005318589704218835,0.00472876729031535,0.009299626105326864,0.0043375103819348615
Digits,XGB,Boosting,0.0,0.0,0.0,0.2,1617,42,0.9684535412605587,0.01260090214906365,0.9673952229477092,0.012133778366843205,0.9680045138867257,0.012734699353061062,0.9362674162839003,0.025565393610237862,imbalance,0.2,0.0016790286352423855,0.0027329017200615757,0.002126020533506634,0.004078857147008064,0.0016790286352423855
Digits,XGB,Boosting,0.0,0.0,0.0,0.2,1617,43,0.9709360547337843,0.004608276202716452,0.9700333337626155,0.003948943119968469,0.9705253695407379,0.004606103322445847,0.9412836741240467,0.009186246192596038,imbalance,0.2,-0.0008034848379832038,9.479090515529531e-05,-0.00039483512050553227,-0.0009374006931383017,-0.0008034848379832038
Digits,XGB,Boosting,0.0,0.0,0.0,0.2,1617,44,0.9727859954898139,0.009479929136343056,0.9722987578719623,0.008932918460395576,0.9724278388193077,0.009562613525233814,0.9451224060418646,0.019060124964302413,imbalance,0.2,-0.002653425594012826,-0.00217063320419153,-0.002297304399075384,-0.0047761326109562185,-0.002653425594012826
Digits,SVM,Kernel,0.0,0.0,0.0,0.2,1617,42,0.9777414669571532,0.005297044659894797,0.9768772349504393,0.004754713747885255,0.9774247788442818,0.005350667126323655,0.9550124948207396,0.010834348543487774,imbalance,0.2,0.0029719344665546377,0.0038405855584240367,0.0032873724071501575,0.006496566798880443,0.0029719344665546377
Digits,SVM,Kernel,0.0,0.0,0.0,0.2,1617,43,0.9783530176203035,0.003919282469282245,0.9777031470677879,0.0035326931301021963,0.9780539571050124,0.003949807311235001,0.9561889599052122,0.007942604534755218,imbalance,0.2,0.00236038380340442,0.0030146734410754217,0.0026581941464195458,0.005320101714407777,0.00236038380340442
Digits,SVM,Kernel,0.0,0.0,0.0,0.2,1617,44,0.9802125138554446,0.007214181441832257,0.9796744377476422,0.008066417499865338,0.9799254893919211,0.007357538863572511,0.9600969872028001,0.014509533070378094,imbalance,0.2,0.0005008875682632752,0.0010433827612211788,0.0007866618595108177,0.0014120744168198973,0.0005008875682632752
Digits,MLP,Neural,0.0,0.0,0.0,0.2,1617,42,0.9629094522799372,0.018324590500893242,0.9622916103233783,0.018240751066829944,0.962418873613219,0.01856026119509462,0.9250339891028372,0.037110243546228286,imbalance,0.2,0.0007364777726781568,0.0013610572829608758,0.001225844701451373,0.002325369538206945,0.0007364777726781568
Digits,MLP,Neural,0.0,0.0,0.0,0.2,1617,43,0.962884608034247,0.015536821640190008,0.9623865192511601,0.015701739976560172,0.9623954844027942,0.0157570911529562,0.9248883904449838,0.03147251744181046,imbalance,0.2,0.0007613220183683156,0.0012661483551790198,0.0012492339118761464,0.002470968196060297,0.0007613220183683156
Digits,MLP,Neural,0.0,0.0,0.0,0.2,1617,44,0.9511447463975845,0.012427646742079938,0.9507226912130227,0.011770740268947196,0.9505320339191762,0.012524261344282429,0.9012292575601665,0.024948203879140315,imbalance,0.2,0.012501183655030834,0.0129299763933165,0.013112684395494179,0.026130101080877655,0.012501183655030834
Digits,GB,Boosting,0.0,0.0,0.0,0.2,1617,42,0.9696938424492604,0.009062328128903358,0.9687925418657463,0.00879500396720881,0.9692650799711402,0.00917894314782392,0.9386797852069835,0.018434380794776276,imbalance,0.2,-0.0025293938781265624,-0.0016325643630112907,-0.0021034428140861428,-0.004249832530202835,-0.0025293938781265624
Digits,GB,Boosting,0.0,0.0,0.0,0.2,1617,43,0.9653652104116501,0.005338069347888876,0.9638979413772232,0.005115542058869985,0.9648363483208889,0.005391357376906346,0.9298483834394681,0.010888765855832995,imbalance,0.2,0.0017992381594836848,0.0032620361255117913,0.002325288836165118,0.004581569237312566,0.0017992381594836848
Digits,GB,Boosting,0.0,0.0,0.0,0.2,1617,44,0.9721668004433743,0.01125566228958351,0.971026263484827,0.012037757797844327,0.9717362072499476,0.011463215177071176,0.9437745714386736,0.022846493815081793,imbalance,0.2,-0.005002351872240518,-0.0038662859820920437,-0.004574570092893526,-0.009344618761892964,-0.005002351872240518
Spambase,LR,Linear,0.0,0.0,0.0,0.4,3875,42,0.9274838709677418,0.01059008233738486,0.9001917341888639,0.015372240021867193,0.9082292798830747,0.013931665306153505,0.8174896383707175,0.027440666363687086,imbalance,0.4,-0.002249091506223988,0.018085682089967303,0.012911837068571463,0.025517722224367434,-0.002249091506223988
Spambase,LR,Linear,0.0,0.0,0.0,0.4,3875,43,0.9233548387096775,0.014543486765011982,0.890906141811698,0.019960955226677957,0.9021306314001822,0.018797076777505816,0.8068183831875592,0.03680818676011983,imbalance,0.4,0.001879940751840281,0.027371274467133166,0.019010485551463896,0.0361889774075258,0.001879940751840281
Spambase,LR,Linear,0.0,0.0,0.0,0.4,3875,44,0.9249032258064516,0.007039061521024945,0.8950316447350616,0.0076673190176714265,0.9046750047372345,0.008336045071868895,0.8111073835560783,0.017372648247267655,imbalance,0.4,0.00033155365506620793,0.02324577154376961,0.016466112214411632,0.03189997703900671,0.00033155365506620793
Spambase,RF,Ensemble,0.0,0.0,0.0,0.4,3875,42,0.9494193548387097,0.008535656985053547,0.9238554665914114,0.011706147336129156,0.935529515069053,0.011028494107936786,0.8729995914771056,0.02192493141050901,imbalance,0.4,-0.004623842714207349,0.013556498319386545,0.006060454430245721,0.011267223994881892,-0.004623842714207349
Spambase,RF,Ensemble,0.0,0.0,0.0,0.4,3875,43,0.9483870967741936,0.011965959349026695,0.9226004296831452,0.017988545118569732,0.934141288047849,0.01562814964719409,0.8703158573936545,0.030470510669270333,imbalance,0.4,-0.0035915846496913373,0.014811535227652772,0.0074486814514497235,0.01395095807833302,-0.0035915846496913373
Spambase,RF,Ensemble,0.0,0.0,0.0,0.4,3875,44,0.9473548387096775,0.0048554548960584995,0.9207436465300141,0.002920189994300965,0.932892987883149,0.0054380262028451065,0.8680756040671535,0.01178067011972784,imbalance,0.4,-0.0025593265851752145,0.016668318380783864,0.008696981616149735,0.01619121140483404,-0.0025593265851752145
Spambase,XGB,Boosting,0.0,0.0,0.0,0.4,3875,42,0.9550967741935483,0.008053928533846323,0.9379111844400938,0.01125346834874402,0.9436101117795163,0.010319486071972278,0.887680654829748,0.020483450885641012,imbalance,0.4,-0.004722574756893194,0.008187794390248415,0.004204687290614517,0.008218828734793848,-0.004722574756893194
Spambase,XGB,Boosting,0.0,0.0,0.0,0.4,3875,43,0.9561290322580644,0.0074347666017486,0.9420119961384972,0.010094104164272078,0.9452528545373413,0.009170250637094913,0.8909665575877179,0.018219764519679243,imbalance,0.4,-0.005754832821409317,0.0040869826918450425,0.002561944532789462,0.004932925976823932,-0.005754832821409317
Spambase,XGB,Boosting,0.0,0.0,0.0,0.4,3875,44,0.9507096774193547,0.0049907302208551324,0.9323419288263401,0.007170178617115085,0.9381093849529393,0.006301710263723833,0.8767477496182892,0.012469943754202727,imbalance,0.4,-0.0003354779826996168,0.01375705000400207,0.009705414117191502,0.01915173394625269,-0.0003354779826996168
Spambase,SVM,Kernel,0.0,0.0,0.0,0.4,3875,42,0.9336774193548386,0.011027540964759473,0.9050591246338768,0.01590826311203693,0.9155563030109082,0.014523321586062631,0.8328054745041996,0.028530579530853084,imbalance,0.4,-0.0007628967030266498,0.02123090535075567,0.013684100896330209,0.026286470792784455,-0.0007628967030266498
Spambase,SVM,Kernel,0.0,0.0,0.0,0.4,3875,43,0.9329032258064517,0.015739820058814864,0.9045647333927519,0.023975403381074706,0.9145276194277777,0.020879888721457934,0.8308446335829908,0.04057511017265795,imbalance,0.4,1.1296845360275753e-05,0.021725296591880605,0.014712784479460672,0.028247311713993306,1.1296845360275753e-05
Spambase,SVM,Kernel,0.0,0.0,0.0,0.4,3875,44,0.935225806451613,0.010140326557103743,0.9086654164778475,0.010978937730918093,0.9179539904916281,0.012369015933468614,0.8373846939483132,0.02534679694964517,imbalance,0.4,-0.002311283799801056,0.017624613506785014,0.011286413415610319,0.02170725134867091,-0.002311283799801056
Spambase,MLP,Neural,0.0,0.0,0.0,0.4,3875,42,0.9352258064516128,0.008496556197757054,0.9089481380457485,0.014254572778374688,0.9178542098343003,0.01142597911552484,0.8370740032903651,0.022205041202198024,imbalance,0.4,0.00181820682947742,0.023772638931242596,0.01602394810744412,0.030944420034703102,0.00181820682947742
Spambase,MLP,Neural,0.0,0.0,0.0,0.4,3875,43,0.9326451612903226,0.011081760285720714,0.9068979799352951,0.01739366658694979,0.9147721102135963,0.01465786243658705,0.8307364753726254,0.028523036011780467,imbalance,0.4,0.004398851990767616,0.02582279704169599,0.019106047728148168,0.03728194795244277,0.004398851990767616
Spambase,MLP,Neural,0.0,0.0,0.0,0.4,3875,44,0.9375483870967741,0.010212314290275805,0.9147669751623413,0.013885408146088362,0.9213586916803994,0.0130143613708852,0.8435835512340203,0.025821545797916148,imbalance,0.4,-0.0005043738156839117,0.017953801814649784,0.012519466261345036,0.024434872091047888,-0.0005043738156839117
Spambase,GB,Boosting,0.0,0.0,0.0,0.4,3875,42,0.9535483870967741,0.005161290322580658,0.9354286524254374,0.008084880729063021,0.9416071210085668,0.006661715113204465,0.8838341967060716,0.013200618241984452,imbalance,0.4,-0.00585566179818553,0.0075564916243938685,0.0033500701115223297,0.006447513630200241,-0.00585566179818553
Spambase,GB,Boosting,0.0,0.0,0.0,0.4,3875,43,0.9509677419354841,0.010795613245600974,0.9333845142611455,0.015203700998894159,0.9384926344019281,0.013771030907204891,0.877572172161962,0.027233423137066823,imbalance,0.4,-0.0032750166368954448,0.0096006297886857,0.006464556718161041,0.012709538174309754,-0.0032750166368954448
Spambase,GB,Boosting,0.0,0.0,0.0,0.4,3875,44,0.9501935483870968,0.006953390237578026,0.9316942591970048,0.008353646860878009,0.9374846967359554,0.008449921467718596,0.8756257955339863,0.016952040229096618,imbalance,0.4,-0.002500823088508186,0.011290884852826477,0.0074724943841337765,0.014655914802285452,-0.002500823088508186
Bank,LR,Linear,0.0,0.0,0.0,0.4,4766,42,0.9267745462304848,0.005089850726887495,0.5920172906066068,0.021539890318333567,0.6228351427985785,0.026356162198493335,0.2881114549313781,0.05266203918759844,imbalance,0.4,-0.030641212897151604,0.049622031440416214,0.053852087476616184,0.09754921217722817,-0.030641212897151604
Bank,LR,Linear,0.0,0.0,0.0,0.4,4766,43,0.9253052811270159,0.004832340914098821,0.5886743792312197,0.015851179166696584,0.6182310585530633,0.02008387096428845,0.2756624051432496,0.04596866551321852,imbalance,0.4,-0.029171947793682707,0.05296494281580333,0.05845617172213147,0.10999826196535667,-0.029171947793682707
Bank,LR,Linear,0.0,0.0,0.0,0.4,4766,44,0.9299211801637112,0.003188934852020897,0.6055338144381578,0.016594934026187096,0.6416839732261725,0.020489574498307465,0.3247154480627023,0.03919950252490814,imbalance,0.4,-0.03378784683037794,0.03610550760886522,0.035003257049022185,0.06094521904590394,-0.03378784683037794
Bank,RF,Ensemble,0.0,0.0,0.0,0.4,4766,42,0.9297102166610569,0.0031876543013907234,0.5516332422621801,0.007717031187174097,0.5741156668691263,0.012941325042393674,0.24611055724670433,0.045079380106043336,imbalance,0.4,-0.03377688332772355,0.051831700160859695,0.06332478373248318,0.09671475118405137,-0.03377688332772355
Bank,RF,Ensemble,0.0,0.0,0.0,0.4,4766,43,0.9295018929519712,0.003248382395919378,0.5423932268583187,0.013899542811686278,0.5590323871207155,0.022782645585293065,0.2268143548971912,0.05604482104665106,imbalance,0.4,-0.033568559618637805,0.06107171556472113,0.07840806348089402,0.1160109535335645,-0.033568559618637805
Bank,RF,Ensemble,0.0,0.0,0.0,0.4,4766,44,0.9286622186145044,0.0022700597778210633,0.5419201050014697,0.01046912729085493,0.5581869626335204,0.01744230216898138,0.21244859055276746,0.03841378589724787,imbalance,0.4,-0.032728885281171016,0.06154483742157013,0.07925348796808906,0.13037671787798824,-0.032728885281171016
Bank,XGB,Boosting,0.0,0.0,0.0,0.4,4766,42,0.9255149247328859,0.003090629285185884,0.5886065429952307,0.019557994754115994,0.6174323540796074,0.02090065376461261,0.2741646720065293,0.03406407394820496,imbalance,0.4,-0.02978159139955261,0.0757912462043705,0.07784512173436742,0.1348765823048444,-0.02978159139955261
Bank,XGB,Boosting,0.0,0.0,0.0,0.4,4766,43,0.9269835298879627,0.004162615285561958,0.6026329893289522,0.006527406021959537,0.6353975427378081,0.005224302948280524,0.3074078195342943,0.02046986430087639,imbalance,0.4,-0.03125019655462946,0.06176479987064909,0.05987993307616668,0.10163343477707937,-0.03125019655462946
Bank,XGB,Boosting,0.0,0.0,0.0,0.4,4766,44,0.9250958575039432,0.005672650119826756,0.5950974932266304,0.017298892437176774,0.6255966298633333,0.024347487456924354,0.2835381626884457,0.05497925423718473,imbalance,0.4,-0.029362524170609916,0.06930029597297083,0.0696808459506415,0.12550309162292794,-0.029362524170609916
Bank,SVM,Kernel,0.0,0.0,0.0,0.4,4766,42,0.9257236884075665,0.002609479151995859,0.5232555468712615,0.006509633166539769,0.5268714244646756,0.011243102271658648,0.1381910435744284,0.044875571013735065,imbalance,0.4,-0.03552368840756648,0.06509967829030561,0.08925598503557663,0.15788293612595417,-0.03552368840756648
Bank,SVM,Kernel,0.0,0.0,0.0,0.4,4766,43,0.9267730063509034,0.0024282113709945007,0.5264524405777815,0.013407678962838794,0.5316767105991227,0.023779324614633023,0.15010224038933156,0.06255358350183757,imbalance,0.4,-0.036573006350903436,0.06190278458378562,0.08445069890112955,0.145971739311051,-0.036573006350903436
Bank,SVM,Kernel,0.0,0.0,0.0,0.4,4766,44,0.9282422714543722,0.0021410935497370295,0.5259701128629078,0.012846081286852508,0.5306838891094883,0.022988043907959225,0.1728995583288251,0.054850595529824776,imbalance,0.4,-0.03804227145437222,0.062385112298659284,0.08544352039076397,0.12317442137155749,-0.03804227145437222
Bank,MLP,Neural,0.0,0.0,0.0,0.4,4766,42,0.9244662667379412,0.0034171120851022763,0.5356487737295803,0.028570806392096196,0.5424899752314658,0.04349071629740197,0.15210500780174985,0.06709555562199142,imbalance,0.4,-0.033466266737941175,0.08355892599907067,0.10419670975079043,0.182070028042515,-0.033466266737941175
Bank,MLP,Neural,0.0,0.0,0.0,0.4,4766,43,0.9271922935626433,0.0012768647500954662,0.5278936586677483,0.026756562188369346,0.5302862946834314,0.04620454639835004,0.12805617873945058,0.10797629177643654,imbalance,0.4,-0.03619229356264331,0.09131404106090268,0.11640039029882487,0.20611885710481426,-0.03619229356264331
Bank,MLP,Neural,0.0,0.0,0.0,0.4,4766,44,0.9271933934766301,0.0020267727967666375,0.5529250018799091,0.029088214796568496,0.5702957159100743,0.047970464452185016,0.19653240310852457,0.10406628576325301,imbalance,0.4,-0.03619339347663009,0.06628269784874186,0.0763909690721819,0.13764263273574026,-0.03619339347663009
Bank,GB,Boosting,0.0,0.0,0.0,0.4,4766,42,0.92509695741793,0.006556139968643083,0.6108209847989408,0.021754475077312086,0.6410726258552207,0.02545914402982336,0.3086511764982266,0.05015902526733054,imbalance,0.4,-0.030696957417929993,0.05504615422788117,0.05390683322470369,0.09734480314033617,-0.030696957417929993
Bank,GB,Boosting,0.0,0.0,0.0,0.4,4766,43,0.9282435913511563,0.005387753643792289,0.6164657024821636,0.024568552275912012,0.6498613334685415,0.02509195566558463,0.3327037865813861,0.0474632539814455,imbalance,0.4,-0.03384359135115633,0.04940143654465834,0.04511812561138295,0.07329219305717666,-0.03384359135115633
Bank,GB,Boosting,0.0,0.0,0.0,0.4,4766,44,0.9244656067895491,0.004078412718038178,0.6143467144885165,0.01272108045847627,0.644021334396482,0.015556495080704447,0.30999718048565933,0.03263132178085188,imbalance,0.4,-0.03006560678954917,0.05152042453830541,0.05095812468344241,0.09599879915290344,-0.03006560678954917
Wine,LR,Linear,0.0,0.0,0.0,0.4,134,42,0.9626780626780626,0.023431208199375598,0.9650793650793652,0.035350884843365224,0.9613260813260813,0.024853366157671003,0.9415479925208482,0.03728072939353013,imbalance,0.4,0.02245421245421242,0.020705467372133968,0.023546405653519176,0.0365702417865309,0.02245421245421242
Wine,LR,Linear,0.0,0.0,0.0,0.4,134,43,0.9774928774928775,0.01838434849561446,0.9774603174603176,0.024351503378749376,0.9743369444518869,0.02122416835320462,0.9642217082272653,0.02927225909060711,imbalance,0.4,0.007639397639397472,0.008324514991181586,0.010535542527713604,0.013896526080113825,0.007639397639397472
Wine,LR,Linear,0.0,0.0,0.0,0.4,134,44,0.9925925925925926,0.014814814814814836,0.9952380952380953,0.009523809523809488,0.9924026590693258,0.015194681861348511,0.988593748679049,0.022812502641901846,imbalance,0.4,-0.0074603174603176114,-0.009453262786596084,-0.007530172089725284,-0.010475514371669936,-0.0074603174603176114
Wine,RF,Ensemble,0.0,0.0,0.0,0.4,134,42,0.9555555555555555,0.04319223625811335,0.9507936507936507,0.05507730658062692,0.9525022727173266,0.0472439742167124,0.9308069710810398,0.06688883272350932,imbalance,0.4,0.027619047619047765,0.03465608465608472,0.031228473902308984,0.0442706648597565,0.027619047619047765
Wine,RF,Ensemble,0.0,0.0,0.0,0.4,134,43,0.9552706552706554,0.014682733591709528,0.9533333333333334,0.02029264357396438,0.9534857630593633,0.014977915282081162,0.9286841444287486,0.023547129947790273,imbalance,0.4,0.0279039479039479,0.0321164021164021,0.030244983560272276,0.046393491512047746,0.0279039479039479
Wine,RF,Ensemble,0.0,0.0,0.0,0.4,134,44,0.9774928774928775,0.029777191180521752,0.980952380952381,0.023328473740792145,0.9779209296450675,0.02935520569077013,0.9657966189632861,0.044320126330528835,imbalance,0.4,0.005681725681725758,0.004497354497354444,0.0058098169745680606,0.00928101697751027,0.005681725681725758
Wine,XGB,Boosting,0.0,0.0,0.0,0.4,134,42,0.9333333333333332,0.07181747936913083,0.9253968253968253,0.0874601734219423,0.9298760742957999,0.07691852726302066,0.8922558048261326,0.116732356421112,imbalance,0.4,0.0236507936507937,0.033552990219657075,0.02726501730742703,0.04378934798569756,0.0236507936507937
Wine,XGB,Boosting,0.0,0.0,0.0,0.4,134,43,0.933048433048433,0.014245014245014252,0.9231746031746031,0.03029376619196139,0.9248029673604385,0.021207061581995323,0.8929855711415204,0.023367702141310887,imbalance,0.4,0.023935693935693947,0.03577521244187931,0.03233812424278837,0.043059581670309766,0.023935693935693947
Wine,XGB,Boosting,0.0,0.0,0.0,0.4,134,44,0.9327635327635327,0.04923419846661639,0.9136507936507938,0.05583692918329055,0.9237410354651733,0.05733626530377495,0.8928063012629215,0.07838883313156302,imbalance,0.4,0.024220594220594194,0.04529902196568858,0.033400056138053635,0.04323885154890872,0.024220594220594194
Wine,SVM,Kernel,0.0,0.0,0.0,0.4,134,42,0.9851851851851852,0.018144368465060606,0.9793650793650794,0.02539682539682536,0.9842134876617635,0.01939057468088024,0.9764073807323497,0.028894954224423033,imbalance,0.4,-0.0020105820105820182,0.0026182459515792234,-0.0013814079409981694,-0.0013782492015007586,-0.0020105820105820182
Wine,SVM,Kernel,0.0,0.0,0.0,0.4,134,43,0.9774928774928775,0.01838434849561446,0.9685714285714285,0.030056635882018148,0.9731384560453897,0.02224599266493298,0.9636814352010962,0.02971792119519251,imbalance,0.4,0.005681725681725647,0.013411896745230134,0.009693623675375629,0.011347696329752743,0.005681725681725647
Wine,SVM,Kernel,0.0,0.0,0.0,0.4,134,44,0.9925925925925926,0.014814814814814836,0.9952380952380953,0.009523809523809488,0.9924026590693258,0.015194681861348511,0.988593748679049,0.022812502641901846,imbalance,0.4,-0.009417989417989436,-0.013254769921436593,-0.009570579348560426,-0.01356461714820012,-0.009417989417989436
Wine,MLP,Neural,0.0,0.0,0.0,0.4,134,42,0.837037037037037,0.137785742501765,0.8368253968253967,0.13430635137307692,0.8384747351414017,0.1377788033833383,0.7380095782569558,0.21889078795506847,imbalance,0.4,0.08243386243386241,0.08692159692159718,0.08253591980217811,0.14498272596638917,0.08243386243386241
Wine,MLP,Neural,0.0,0.0,0.0,0.4,134,43,0.8062678062678061,0.16765116974420824,0.8231746031746031,0.11668383417583734,0.7998508589469134,0.17171105523214023,0.7253370952832905,0.20138886801240685,imbalance,0.4,0.1132030932030933,0.10057239057239076,0.12115979599666638,0.15765520894005447,0.1132030932030933
Wine,MLP,Neural,0.0,0.0,0.0,0.4,134,44,0.7544159544159543,0.17561878444985338,0.807936507936508,0.12073512964068275,0.7522458112441062,0.18679895060508953,0.666958927059433,0.18947522581357254,imbalance,0.4,0.1650549450549451,0.11581048581048592,0.16876484369947364,0.2160333771639119,0.1650549450549451
Wine,GB,Boosting,0.0,0.0,0.0,0.4,134,42,0.9182336182336182,0.05904794671177429,0.8977777777777778,0.06669387200004417,0.9107674519687867,0.06194128464914668,0.8671766988194658,0.09572204589776352,imbalance,0.4,0.012560032560032686,0.031107904441237788,0.02119071260743388,0.03145098360660714,0.012560032560032686
Wine,GB,Boosting,0.0,0.0,0.0,0.4,134,43,0.9105413105413105,0.05529121126248754,0.8923809523809524,0.07423685817106697,0.8979900923207211,0.07373779465388557,0.8591758779535189,0.08638448363600128,imbalance,0.4,0.02025234025234035,0.03650472983806319,0.03396807225549947,0.03945180447255403,0.02025234025234035
Wine,GB,Boosting,0.0,0.0,0.0,0.4,134,44,0.9324786324786324,0.044096085273950675,0.9238095238095237,0.05334844834946033,0.9270971542087597,0.047222188874588136,0.8912211661404965,0.07176222708983446,imbalance,0.4,-0.0016849816849815458,0.005076158409491827,0.004861010367460894,0.0074065162855764255,-0.0016849816849815458
BreastCancer,LR,Linear,0.0,0.0,0.0,0.4,484,42,0.9731743986254295,0.021211451552223568,0.9562557481641989,0.041015452816141634,0.9637941402109943,0.03008091483761655,0.9305898721483505,0.05557924868943513,imbalance,0.4,0.0022486723262861164,0.014647297153356775,0.009656105161116035,0.017379927535622897,0.0022486723262861164
BreastCancer,LR,Linear,0.0,0.0,0.0,0.4,484,43,0.9814218213058419,0.017726815448558766,0.9695103527145781,0.031113105718620027,0.9751709770237271,0.024232256643116828,0.9514147465244076,0.0472934943038438,imbalance,0.4,-0.0059987503541262255,0.0013926926029775855,-0.0017207316516167914,-0.003444946840434171,-0.0059987503541262255
BreastCancer,LR,Linear,0.0,0.0,0.0,0.4,484,44,0.9669888316151202,0.021003749100895846,0.9451983869026123,0.036415492739124276,0.955832643308432,0.02889077403211769,0.914187142853911,0.05469271417775932,imbalance,0.4,0.008434239336595484,0.025704658414943404,0.01761760206367835,0.03378265683006243,0.008434239336595484
BreastCancer,RF,Ensemble,0.0,0.0,0.0,0.4,484,42,0.9648840206185568,0.008216153674894387,0.9504680991934513,0.02689023463514639,0.9537386833035055,0.01307018137430867,0.9101513617455526,0.02279454411839455,imbalance,0.4,-0.0035322636450019207,0.007018746947996868,0.004779767509543675,0.008547002374369117,-0.0035322636450019207
BreastCancer,RF,Ensemble,0.0,0.0,0.0,0.4,484,43,0.9648840206185568,0.024034455220159106,0.9506610689779704,0.04265322674684876,0.9533522571788259,0.03400808792009606,0.9086851514617788,0.06610505583762075,imbalance,0.4,-0.0035322636450019207,0.006825777163477764,0.005166193634223326,0.010013212658142923,-0.0035322636450019207
BreastCancer,RF,Ensemble,0.0,0.0,0.0,0.4,484,44,0.9606743986254296,0.027381148356879718,0.9432373299626822,0.037266020073695144,0.9486111667219381,0.03558386901638184,0.8985250269186563,0.07082800767763153,imbalance,0.4,0.0006773583481253231,0.01424951617876602,0.00990728409111108,0.02017333720126535,0.0006773583481253231
BreastCancer,XGB,Boosting,0.0,0.0,0.0,0.4,484,42,0.9628436426116839,0.016708462490358005,0.9465267846394607,0.03536880169820456,0.9507154890817962,0.023939468775174288,0.9054008895261199,0.04360447232195188,imbalance,0.4,0.0043560675782451375,0.015872633401948777,0.013930310480824937,0.02521981846351795,0.0043560675782451375
BreastCancer,XGB,Boosting,0.0,0.0,0.0,0.4,484,43,0.9628006872852234,0.024060505011704633,0.9466610689779703,0.040713638848043285,0.9506214573691609,0.033839614647164,0.9029004112795065,0.0657120089492935,imbalance,0.4,0.004399022904705618,0.015738349063439183,0.01402434219346016,0.02772029671013132,0.004399022904705618
BreastCancer,XGB,Boosting,0.0,0.0,0.0,0.4,484,44,0.962757731958763,0.025042476403146864,0.9472568917780185,0.03714043523092888,0.9512873824565006,0.033022942960729135,0.903789295674375,0.06565682798330327,imbalance,0.4,0.004441978231165988,0.015142526263390965,0.013358417106120513,0.02683141231526276,0.004441978231165988
BreastCancer,SVM,Kernel,0.0,0.0,0.0,0.4,484,42,0.9772981099656357,0.015133997307178591,0.9616641988684244,0.03246419175643647,0.9694894887127766,0.021719321568851587,0.9413170934436593,0.03992283459192261,imbalance,0.4,-0.0018853893735950589,0.01043129398533904,0.0040821600664850966,0.0063852657676801705,-0.0018853893735950589
BreastCancer,SVM,Kernel,0.0,0.0,0.0,0.4,484,43,0.9752362542955326,0.02403230552331255,0.9550726495726497,0.04164533663985542,0.9662268954405724,0.03414391177510665,0.9347865430059403,0.0648452145858884,imbalance,0.4,0.0001764662965080266,0.017022843281113698,0.007344753338689336,0.012915816205399167,0.0001764662965080266
BreastCancer,SVM,Kernel,0.0,0.0,0.0,0.4,484,44,0.9690077319587628,0.011293983821961591,0.9487368484410738,0.023591584742163604,0.9588284097754295,0.015233773952577707,0.9201726406935109,0.02981434852687873,imbalance,0.4,0.006404988633277875,0.023358644412689644,0.014743239003832231,0.027529718517828594,0.006404988633277875
BreastCancer,MLP,Neural,0.0,0.0,0.0,0.4,484,42,0.929725085910653,0.030234691716253124,0.8907434091729867,0.05177169777179268,0.9041195833884021,0.04296653281820787,0.8153556906484303,0.0800602941970633,imbalance,0.4,0.016975736942941078,0.04727518473325876,0.038060875055505594,0.07050420400678226,0.016975736942941078
BreastCancer,MLP,Neural,0.0,0.0,0.0,0.4,484,43,0.9194158075601374,0.032220045623338356,0.886908089563019,0.03354684130044782,0.8947127022980441,0.0398284834312913,0.7931026670632841,0.0794215470280399,imbalance,0.4,0.027285015293456616,0.05111050434322639,0.04746775614586363,0.09275722759192839,0.027285015293456616
BreastCancer,MLP,Neural,0.0,0.0,0.0,0.4,484,44,0.92768470790378,0.014582621611367022,0.892832671241122,0.020376179894624678,0.903829305853294,0.01831510296279344,0.8137454973659641,0.03838171532190594,imbalance,0.4,0.019016114949814034,0.045185922665123446,0.038351152590613724,0.0721143972892484,0.019016114949814034
BreastCancer,GB,Boosting,0.0,0.0,0.0,0.4,484,42,0.9545317869415808,0.012426568360140472,0.9357098832310099,0.03495685761984633,0.9397039271993769,0.019035635258543307,0.8840310902635418,0.03433892670285107,imbalance,0.4,0.0015361114178872315,0.015306312998910498,0.013050448521393698,0.022580000855048632,0.0015361114178872315
BreastCancer,GB,Boosting,0.0,0.0,0.0,0.4,484,43,0.9462843642611685,0.03220105586533951,0.9280047550258818,0.04367728992584236,0.9299452236591055,0.042920102956716784,0.8604299529779507,0.08606781290173134,imbalance,0.4,0.009783534098299573,0.02301144120403864,0.022809152061665117,0.04618113814063973,0.009783534098299573
BreastCancer,GB,Boosting,0.0,0.0,0.0,0.4,484,44,0.9647981099656358,0.023386049052827377,0.9480303960515227,0.03550086680961758,0.9535914468157543,0.03095732038517506,0.9085990943701286,0.06158653970733048,imbalance,0.4,-0.008730211606167715,0.0029858001783976684,-0.0008370710949836546,-0.0019880032515382506,-0.008730211606167715
Digits,LR,Linear,0.0,0.0,0.0,0.4,1438,42,0.8928861788617887,0.021037812697396872,0.8821305905998941,0.024050472242574526,0.8846412519780952,0.02319728522335984,0.77000511870759,0.04608555173946318,imbalance,0.4,-0.00010221104996577246,0.010674331362717893,0.008129156641152657,0.015844801006217102,-0.00010221104996577246
Digits,LR,Linear,0.0,0.0,0.0,0.4,1438,43,0.8970625241966704,0.01288334584611429,0.8889066835720938,0.011465447204012432,0.8898156272317204,0.013216704517272223,0.7800131275336832,0.026683069494535683,imbalance,0.4,-0.004278556384847532,0.0038982383905181717,0.002954781387527472,0.005836792180123895,-0.004278556384847532
Digits,LR,Linear,0.0,0.0,0.0,0.4,1438,44,0.8887509678668215,0.02788469035562684,0.8792566775481012,0.027043982292697076,0.8808005436058389,0.029173111960777307,0.7626230241033236,0.05824544764676416,imbalance,0.4,0.004032999945001392,0.013548244414510746,0.011969865013408909,0.023226895610483522,0.004032999945001392
Digits,RF,Ensemble,0.0,0.0,0.0,0.4,1438,42,0.9700977545489742,0.00680284389737357,0.9648219001776599,0.008198284877521006,0.9678177530782188,0.0073948604975161945,0.9361466698674648,0.01476578832415941,imbalance,0.4,0.007644946369214312,0.012918485042277106,0.009923607998873707,0.019404622452730114,0.007644946369214312
Digits,RF,Ensemble,0.0,0.0,0.0,0.4,1438,43,0.9700953348819201,0.006815701732838398,0.9633342799607579,0.00847474169752815,0.9677086841280247,0.007435111622741737,0.9361400184440379,0.014568457322457927,imbalance,0.4,0.007647366036268366,0.01440610525917907,0.010032676949067842,0.01941127387615693,0.007647366036268366
Digits,RF,Ensemble,0.0,0.0,0.0,0.4,1438,44,0.9756605691056912,0.007292751260876561,0.9711609094507839,0.008472795460653177,0.9738283071661359,0.00788496806660654,0.9480452607845228,0.015628334343125647,imbalance,0.4,0.0020821318124972787,0.006579475769153076,0.003913053910956643,0.007506031535672086,0.0020821318124972787
Digits,XGB,Boosting,0.0,0.0,0.0,0.4,1438,42,0.9700977545489741,0.0035384981337638634,0.9652126469423934,0.004964286426757415,0.9678540841353976,0.0038316785412300437,0.9362559451519241,0.007531299107872142,imbalance,0.4,3.481534682703291e-05,0.004915477725377371,0.002276450284834697,0.0040903282789842565,3.481534682703291e-05
Digits,XGB,Boosting,0.0,0.0,0.0,0.4,1438,43,0.9680144212156406,0.0067338529865660956,0.9620725977177672,0.00941009441456975,0.9655272327555456,0.007365567143861496,0.9316943779789861,0.01427873168342685,imbalance,0.4,0.00211814868016047,0.008055526950003555,0.004603301664686699,0.008651895451922242,0.00211814868016047
Digits,XGB,Boosting,0.0,0.0,0.0,0.4,1438,44,0.9694081494386373,0.008031602131063435,0.9657849549347975,0.0076702250346476755,0.9672325046527931,0.008506822918015015,0.9346927143652817,0.01704083946679599,imbalance,0.4,0.0007244204571638102,0.004343169732973218,0.0028980297674392475,0.005653559065626701,0.0007244204571638102
Digits,SVM,Kernel,0.0,0.0,0.0,0.4,1438,42,0.9798320751064654,0.004058554224301529,0.9763608868847159,0.005948016632893483,0.9783425646383236,0.004415265454278847,0.9570098969258651,0.008804192457735635,imbalance,0.4,0.0008813263172424701,0.004356933624147463,0.0023695866131083765,0.004499164693754887,0.0008813263172424701
Digits,SVM,Kernel,0.0,0.0,0.0,0.4,1438,43,0.9784480255516842,0.008613992961732016,0.9745405797184595,0.011539487094731115,0.9768116908775509,0.009379719729621787,0.9540313300752283,0.01821763359702623,imbalance,0.4,0.0022653758720236894,0.006177240790403826,0.0039004603738810317,0.007477731544391686,0.0022653758720236894
Digits,SVM,Kernel,0.0,0.0,0.0,0.4,1438,44,0.9763622725512968,0.005960138503956083,0.9732412140544531,0.0072318596592189895,0.9746623286324996,0.006391554177803712,0.9497689899945219,0.012699406301633609,imbalance,0.4,0.00435112887241107,0.007476606454410284,0.006049822618932388,0.011740071625098158,0.00435112887241107
Digits,MLP,Neural,0.0,0.0,0.0,0.4,1438,42,0.9624516066589237,0.019935249923211478,0.9579482663331479,0.021391660616829337,0.9597026898270977,0.021341019035495932,0.9199740237537523,0.042760913939579016,imbalance,0.4,0.001194323393691632,0.005704401273191273,0.003942028487572635,0.007385334887291872,0.001194323393691632
Digits,MLP,Neural,0.0,0.0,0.0,0.4,1438,43,0.9589697057684863,0.007422683543870909,0.9544719062016526,0.007272696441038613,0.956017280024569,0.007919022882080221,0.9122000689024647,0.015942323699686633,imbalance,0.4,0.00467622428412906,0.0091807614046866,0.007627438290101374,0.015159289738579385,0.00467622428412906
Digits,MLP,Neural,0.0,0.0,0.0,0.4,1438,44,0.9596786682152535,0.012898798659128493,0.9561472263816457,0.015098356746838203,0.9568105472392624,0.013966070182264504,0.9139275772153607,0.027725761600349525,imbalance,0.4,0.003967261837361846,0.007505441224693432,0.006834171075407958,0.013431781425683464,0.003967261837361846
Digits,GB,Boosting,0.0,0.0,0.0,0.4,1438,42,0.966623112659698,0.0027515604328652563,0.9620527759132086,0.003299597338238644,0.9641741157349528,0.002848589398890514,0.9288686841759877,0.0059224889115594955,imbalance,0.4,0.0005413359114357919,0.005107201589526378,0.002987521422101236,0.005561268500792971,0.0005413359114357919
Digits,GB,Boosting,0.0,0.0,0.0,0.4,1438,43,0.9687088656600851,0.003795134964991435,0.9629985236436932,0.005076802925437741,0.9663129988631072,0.004104643914074487,0.9331416715818254,0.008122453412859965,imbalance,0.4,-0.0015444170889512554,0.004161453859041764,0.0008486382939468795,0.001288281094955268,-0.0015444170889512554
Digits,GB,Boosting,0.0,0.0,0.0,0.4,1438,44,0.9645373596593109,0.007723653039506079,0.9584965739736742,0.010199033796397685,0.9617833262815839,0.008536110419733723,0.9241793157482047,0.016659060115017638,imbalance,0.4,0.00262708891182295,0.008663403529060809,0.005378310875470138,0.010250636928575974,0.00262708891182295
Spambase,LR,Linear,0.0,0.0,0.0,0.6,3513,42,0.9319663793348003,0.0019097230031938958,0.8744675700797504,0.009714602176022796,0.8912705287883261,0.004388222483226124,0.7855046041699169,0.006914248003087322,imbalance,0.6,-0.006731599873282534,0.04380984619908079,0.02987058816332,0.05750275642516811,-0.006731599873282534
Spambase,LR,Linear,0.0,0.0,0.0,0.6,3513,43,0.9265621897200844,0.007197914883976424,0.8669783590473445,0.017899916794879185,0.8827066974131608,0.01309285410755834,0.7682217182437553,0.024772247098122438,imbalance,0.6,-0.0013274102585666414,0.051299057231486644,0.038434419538485365,0.07478564235132967,-0.0013274102585666414
Spambase,LR,Linear,0.0,0.0,0.0,0.6,3513,44,0.9316794527320843,0.0069989925029296084,0.8722446533340344,0.014163373536140014,0.8903749684189048,0.011790188469112997,0.7839840555723663,0.022757148117145902,imbalance,0.6,-0.0064446732705665255,0.046032762944796746,0.03076614853274129,0.059023305022718686,-0.0064446732705665255
Spambase,RF,Ensemble,0.0,0.0,0.0,0.6,3513,42,0.9530323846113319,0.007192801761221642,0.904580295902511,0.013593824990404084,0.9246058630197963,0.011654993980543185,0.8527689429927108,0.02299923121352384,imbalance,0.6,-0.008236872486829583,0.032831669008286934,0.016984106479502437,0.03149787247927671,-0.008236872486829583
Spambase,RF,Ensemble,0.0,0.0,0.0,0.6,3513,43,0.953032789874895,0.003352265529485539,0.9061096965464873,0.007947726657134817,0.9248684266569194,0.005803848097991911,0.8526203091319753,0.010931577091247011,imbalance,0.6,-0.008237277750392735,0.031302268364310604,0.016721542842379367,0.031646506340012204,-0.008237277750392735
Spambase,RF,Ensemble,0.0,0.0,0.0,0.6,3513,44,0.9547413810571704,0.005775211616787851,0.9082061745135617,0.016686707304224776,0.9273680033369842,0.010532371672718704,0.8581550782716401,0.018909000403095264,imbalance,0.6,-0.009945868932668134,0.029205790397236253,0.014221966162314525,0.02611173720034743,-0.009945868932668134
Spambase,XGB,Boosting,0.0,0.0,0.0,0.6,3513,42,0.9570169359643043,0.005861928445755465,0.9218895499066166,0.0102985480140462,0.9326739908971856,0.009275621656865891,0.8663524097153129,0.018458249604826373,imbalance,0.6,-0.006642736527649129,0.024209428923725573,0.015140808172945164,0.029547073849228944,-0.006642736527649129
Spambase,XGB,Boosting,0.0,0.0,0.0,0.6,3513,43,0.9578716368190051,0.005802437344720379,0.9254885595560554,0.014578724350856678,0.9342225920573896,0.009788513501885462,0.8692289769846893,0.01892989331841731,imbalance,0.6,-0.007497437382349981,0.020610419274286862,0.01359220701274122,0.026670506579852593,-0.007497437382349981
Spambase,XGB,Boosting,0.0,0.0,0.0,0.6,3513,44,0.95901042743148,0.0020711123554968186,0.929267424163249,0.006762651853434741,0.9363702110467319,0.0033814817704762756,0.8732982827122229,0.006674019116568707,imbalance,0.6,-0.008636227994824885,0.016831554667093185,0.011444588023398872,0.02260120085231898,-0.008636227994824885
Spambase,SVM,Kernel,0.0,0.0,0.0,0.6,3513,42,0.9370933686723161,0.008148242786229023,0.8833095442394823,0.014365750262528239,0.899701538939318,0.013305925531307349,0.801824758972446,0.026328648897298322,imbalance,0.6,-0.004178846020504112,0.04298048574515023,0.029538864967920353,0.05726718632453809,-0.004178846020504112
Spambase,SVM,Kernel,0.0,0.0,0.0,0.6,3513,43,0.9356700830385041,0.004931284505262356,0.8788413462039854,0.007706854763467464,0.8969805921791172,0.007696584109709105,0.7970539796217021,0.015859758484794286,imbalance,0.6,-0.002755560386692113,0.04744868378064715,0.0322598117281212,0.06203796567528197,-0.002755560386692113
Spambase,SVM,Kernel,0.0,0.0,0.0,0.6,3513,44,0.9365195154668837,0.0075803554468642865,0.8819270164535501,0.018330296963702652,0.8985340321161548,0.013423519277510827,0.7999918925416558,0.02534897720943073,imbalance,0.6,-0.0036049928150717614,0.04436301353108241,0.030706371791083598,0.05910005275532826,-0.0036049928150717614
Spambase,MLP,Neural,0.0,0.0,0.0,0.6,3513,42,0.941931810352863,0.008593245900922135,0.8970751352379253,0.012924772965579034,0.9087303640276474,0.013433143040318455,0.8186174102289856,0.027021640557385384,imbalance,0.6,-0.0048877970717727814,0.035645641739065814,0.02514779391409705,0.04940101309608258,-0.0048877970717727814
Spambase,MLP,Neural,0.0,0.0,0.0,0.6,3513,43,0.9436428331165173,0.01050033931783151,0.9022345971663885,0.016444482151618974,0.9118708124425725,0.016462984905507495,0.8245377960403015,0.032893790251783704,imbalance,0.6,-0.006598819835427094,0.03048617981060253,0.022007345499171937,0.04348062728476665,-0.006598819835427094
Spambase,MLP,Neural,0.0,0.0,0.0,0.6,3513,44,0.9407849144691249,0.014222562359771625,0.8948243842982663,0.032112754816928005,0.9062609243488297,0.024673185083674727,0.814361089922695,0.04738780076992138,imbalance,0.6,-0.0037409011880347176,0.0378963926787248,0.02761723359291479,0.05365733340237322,-0.0037409011880347176
Spambase,GB,Boosting,0.0,0.0,0.0,0.6,3513,42,0.9558761190340137,0.00414683920619821,0.91912996398463,0.010594870991072517,0.9306964107167481,0.006969990295217403,0.8625915458470983,0.0134213881311461,imbalance,0.6,-0.008183393735425093,0.023855180065201265,0.014260780403341,0.027690164489173497,-0.008183393735425093
Spambase,GB,Boosting,0.0,0.0,0.0,0.6,3513,43,0.9547405705300441,0.006690533513916305,0.919943805726912,0.012940383218535578,0.9292947198273446,0.010713809217947316,0.8593736094703655,0.021149789406674453,imbalance,0.6,-0.0070478452314555184,0.023041338322919214,0.015662471292744562,0.03090810086590634,-0.0070478452314555184
Spambase,GB,Boosting,0.0,0.0,0.0,0.6,3513,44,0.958444274233748,0.007031734145442573,0.9232966944453874,0.013991954598371692,0.9347475405862431,0.011313826328746623,0.8706705779178335,0.022238414239784156,imbalance,0.6,-0.010751548935159394,0.019688449604443825,0.010209650533846037,0.01961113241843826,-0.010751548935159394
Bank,LR,Linear,0.0,0.0,0.0,0.6,4649,42,0.945149715846615,0.00450830542916594,0.5381411972262586,0.011116957694836664,0.5541902964747788,0.018019827628463495,0.15272478212279222,0.05417315794827337,imbalance,0.6,-0.049016382513281775,0.10349812482076437,0.12249693380041593,0.23293588498581402,-0.049016382513281775
Bank,LR,Linear,0.0,0.0,0.0,0.6,4649,43,0.9485921964883041,0.005319209645601546,0.5643111271284191,0.033183254271004034,0.5905186349869674,0.04626589642932386,0.22955196255774335,0.09384506743087942,imbalance,0.6,-0.052458863154970836,0.07732819491860388,0.08616859528822729,0.1561087045508629,-0.052458863154970836
Bank,LR,Linear,0.0,0.0,0.0,0.6,4649,44,0.9475164646920611,0.0023769881529224356,0.5636523687747703,0.023203605256924987,0.588533718150539,0.033454801979185815,0.21704362641964897,0.0674968418387539,imbalance,0.6,-0.05138313135872785,0.07798695327225269,0.08815351212465572,0.16861704068895728,-0.05138313135872785
Bank,RF,Ensemble,0.0,0.0,0.0,0.6,4649,42,0.9490206835885505,0.0016294625370110712,0.5137611141900196,0.014369089150720335,0.5139647457804727,0.02508185405477436,0.10059623078990106,0.07375887266156417,imbalance,0.6,-0.05308735025521716,0.08970382823302026,0.12347570482113679,0.24222907764085466,-0.05308735025521716
Bank,RF,Ensemble,0.0,0.0,0.0,0.6,4649,43,0.9509573249071149,0.0024112768398552183,0.5248986666638731,0.014608499322285359,0.5344315956689587,0.025970800898776535,0.17966008356949978,0.07596498025720104,imbalance,0.6,-0.05502399157378157,0.07856627575916675,0.10300885493265077,0.16316522486125593,-0.05502399157378157
Bank,RF,Ensemble,0.0,0.0,0.0,0.6,4649,44,0.9498822875794298,0.0014390542570070733,0.5143066222605428,0.008242755199262172,0.5150788443927978,0.01599683721716208,0.11018181588182412,0.06592658871107782,imbalance,0.6,-0.05394895424609647,0.08915832016249703,0.12236160620881165,0.23264349254893157,-0.05394895424609647
Bank,XGB,Boosting,0.0,0.0,0.0,0.6,4649,42,0.9429994097017257,0.004941097529552506,0.5410375129776861,0.012373390695403122,0.5569706870706431,0.01856296258839609,0.14628613307984228,0.046256280722654065,imbalance,0.6,-0.04726607636839242,0.12336027622191514,0.1383067887433317,0.2627551212315314,-0.04726607636839242
Bank,XGB,Boosting,0.0,0.0,0.0,0.6,4649,43,0.9488063242936675,0.00145390795885868,0.5623637146511922,0.0197124920647468,0.5883271949821948,0.02687685348408027,0.22926700671185904,0.03796344774746455,imbalance,0.6,-0.05307299096033424,0.10203407454840907,0.10695028083178004,0.17977424759951463,-0.05307299096033424
Bank,XGB,Boosting,0.0,0.0,0.0,0.6,4649,44,0.9494512540944708,0.0026384858781663854,0.5686541864365762,0.02266666841814723,0.5975336701281522,0.027803890185273194,0.24908613953637354,0.05239610613973119,imbalance,0.6,-0.05371792076113757,0.09574360276302507,0.09774380568582264,0.15995511477500013,-0.05371792076113757
Bank,SVM,Kernel,0.0,0.0,0.0,0.6,4649,42,0.9498818246003913,0.0008524573182115216,0.5041420688658105,0.005308177304148839,0.4954760443644076,0.010341693628438143,0.05536926195228026,0.07095726052952978,imbalance,0.6,-0.05968182460039129,0.08421315629575665,0.12065136513584462,0.24070471774810231,-0.05968182460039129
Bank,SVM,Kernel,0.0,0.0,0.0,0.6,4649,43,0.9492366633100687,0.0015717417283872145,0.5058629807767858,0.005713098037311918,0.4994699259117775,0.010613120378165614,0.07188934486092202,0.06948118642681288,imbalance,0.6,-0.05903666331006874,0.08249224438478131,0.11665748358847472,0.22418463483946055,-0.05903666331006874
Bank,SVM,Kernel,0.0,0.0,0.0,0.6,4649,44,0.9505274488697524,0.00150632409197502,0.5186751916926046,0.016687273835756945,0.5222592371111601,0.030760246150707535,0.12140203562604204,0.1031139047274748,imbalance,0.6,-0.06032744886975239,0.06968003346896257,0.09386817238909217,0.17467194407434053,-0.06032744886975239
Bank,MLP,Neural,0.0,0.0,0.0,0.6,4649,42,0.947084736738544,0.002504058992537454,0.5149875382782814,0.02039335352016896,0.5136261303123009,0.033997651620412794,0.05876098929725386,0.07920029821238292,imbalance,0.6,-0.05608473673854397,0.10422016145036961,0.13306055466995537,0.27541404654701096,-0.05608473673854397
Bank,MLP,Neural,0.0,0.0,0.0,0.6,4649,43,0.9494517170735095,0.0011683309293028436,0.5139876147562709,0.017530979002187908,0.512738750985773,0.03202159207589868,0.06901181716409147,0.08730165037253294,imbalance,0.6,-0.05845171707350949,0.10522008497238011,0.1339479339964832,0.26516321868017334,-0.05845171707350949
Bank,MLP,Neural,0.0,0.0,0.0,0.6,4649,44,0.9488063242936677,0.0012850553066431887,0.5116334546155514,0.023551056063881172,0.5062015549165471,0.03833415064007045,0.039354056394802314,0.08250539010992855,imbalance,0.6,-0.05780632429366772,0.10757424511309954,0.14048513006570917,0.2948209794494625,-0.05780632429366772
Bank,GB,Boosting,0.0,0.0,0.0,0.6,4649,42,0.9429987152331677,0.006304607585532147,0.5774818940978896,0.01598256261788503,0.6021419046465828,0.023903683861497597,0.22660022490196458,0.05671476565829669,imbalance,0.6,-0.04859871523316772,0.0883852449289323,0.09283755443334163,0.1793957547365982,-0.04859871523316772
Bank,GB,Boosting,0.0,0.0,0.0,0.6,4649,43,0.9449328101670197,0.004013280166280265,0.5743335676563058,0.03119992305014427,0.5979361743435319,0.03762801956722872,0.22366110362705358,0.06972008704228602,imbalance,0.6,-0.050532810167019715,0.0915335713705161,0.09704328473639257,0.1823348760115092,-0.050532810167019715
Bank,GB,Boosting,0.0,0.0,0.0,0.6,4649,44,0.9449341991041356,0.004482518688094075,0.5765329908236889,0.01634809931377706,0.6025066366209472,0.02179730414261152,0.23359619483275998,0.051838515096532034,imbalance,0.6,-0.05053419910413559,0.08933414820313301,0.09247282245897726,0.17239978480580279,-0.05053419910413559
Wine,LR,Linear,0.0,0.0,0.0,0.6,113,42,0.9470355731225297,0.042449194374178226,0.9390476190476191,0.06278856287667296,0.938800429030314,0.05099902248036696,0.9045667950673151,0.0788585667867082,imbalance,0.6,0.03809670200974524,0.04673721340388004,0.04607205794928648,0.07355143924006402,0.03809670200974524
Wine,LR,Linear,0.0,0.0,0.0,0.6,113,43,0.9652173913043478,0.032536151189338634,0.9519047619047619,0.04002266931323943,0.9588943623426383,0.03736977359862569,0.9381743351299839,0.057711553048451374,imbalance,0.6,0.019914883827927166,0.03388007054673725,0.025978124636962252,0.03994389917739516,0.019914883827927166
Wine,LR,Linear,0.0,0.0,0.0,0.6,113,44,0.990909090909091,0.018181818181818167,0.9833333333333334,0.03333333333333335,0.9881773399014779,0.02364532019704431,0.9830417261289718,0.03391654774205648,imbalance,0.6,-0.005776815776815991,0.0024514991181657786,-0.0033048529218774325,-0.004923491821592685,-0.005776815776815991
Wine,RF,Ensemble,0.0,0.0,0.0,0.6,113,42,0.9739130434782609,0.03478260869565219,0.9652380952380952,0.05835228069348721,0.9700945967612634,0.04188130650560892,0.9541083951302376,0.06209235514153708,imbalance,0.6,0.009261559696342347,0.020211640211640236,0.013636149858372137,0.02096924081055873,0.009261559696342347
Wine,RF,Ensemble,0.0,0.0,0.0,0.6,113,43,0.9553359683794467,0.028764277310134794,0.9415873015873014,0.03589408006375258,0.9451605931249981,0.03349814049644458,0.9206297160051164,0.04751551306699784,imbalance,0.6,0.02783863479515658,0.04386243386243405,0.03857015349463744,0.05444791993567988,0.02783863479515658
Wine,RF,Ensemble,0.0,0.0,0.0,0.6,113,44,0.9644268774703558,0.03381699547226473,0.9638095238095238,0.030356909429541418,0.9598748633231391,0.03843372387295244,0.9391030855771338,0.0562761259986513,imbalance,0.6,0.01874772570424743,0.021640211640211682,0.02385588329649646,0.03597455036366248,0.01874772570424743
Wine,XGB,Boosting,0.0,0.0,0.0,0.6,113,42,0.9474308300395258,0.050642268389081334,0.9304761904761906,0.07998582640883231,0.9369390322115573,0.06147208661667952,0.9085304095127611,0.08869159359908732,imbalance,0.6,0.009553296944601164,0.028473625140291836,0.020202059391669636,0.02751474329906911,0.009553296944601164
Wine,XGB,Boosting,0.0,0.0,0.0,0.6,113,43,0.9466403162055336,0.03330493981492634,0.9249206349206348,0.040672106001548025,0.9335400297802966,0.039013821526382456,0.9012765122630559,0.06030031813408453,imbalance,0.6,0.010343810778593365,0.034029180695847594,0.023601061822930314,0.034768640548774266,0.010343810778593365
Wine,XGB,Boosting,0.0,0.0,0.0,0.6,113,44,0.9383399209486166,0.04482987155338444,0.9290476190476191,0.05134031227407069,0.9216792785758303,0.052069318654303386,0.8914972574933442,0.0787367325651084,imbalance,0.6,0.018644206035510313,0.029902196568863282,0.035461813027396594,0.04454789531848602,0.018644206035510313
Wine,SVM,Kernel,0.0,0.0,0.0,0.6,113,42,0.9648221343873518,0.05077782404032167,0.9485714285714286,0.06918049611764791,0.9572067141032659,0.06052693163254427,0.9349102918064507,0.09372523673172767,imbalance,0.6,0.018352468787251386,0.03341189674523004,0.025625365617499507,0.040118839724398225,0.018352468787251386
Wine,SVM,Kernel,0.0,0.0,0.0,0.6,113,43,0.9561264822134387,0.038896172648672095,0.9263492063492063,0.06509562321116286,0.9382727427888717,0.05348170079945816,0.9198246046768354,0.06906240454221274,imbalance,0.6,0.02704812096116449,0.055634118967452406,0.04455933693189362,0.05520452685401356,0.02704812096116449
Wine,SVM,Kernel,0.0,0.0,0.0,0.6,113,44,1.0,0.0,1.0,0.0,1.0,0.0,1.0,0.0,imbalance,0.6,-0.016825396825396854,-0.018016674683341338,-0.01716792027923464,-0.024970868469151086,-0.016825396825396854
Wine,MLP,Neural,0.0,0.0,0.0,0.6,113,42,0.8324110671936757,0.0893787676586128,0.7982539682539682,0.08284041672690348,0.8085861903103282,0.09088942819636187,0.6982410423401739,0.155457544642211,imbalance,0.6,0.08705983227722369,0.12549302549302566,0.11242446463325162,0.18475126188317104,0.08705983227722369
Wine,MLP,Neural,0.0,0.0,0.0,0.6,113,43,0.841501976284585,0.06946183478644641,0.8204761904761906,0.08076448782931188,0.8076792502598954,0.08099699764802482,0.7314994523375515,0.09534479135851084,imbalance,0.6,0.07796892318631443,0.10327080327080329,0.11333140468368441,0.15149285188579342,0.07796892318631443
Wine,MLP,Neural,0.0,0.0,0.0,0.6,113,44,0.7450592885375495,0.12069259114624006,0.7806349206349207,0.09479872194305035,0.7228851441744994,0.11461904004128554,0.6177740128677771,0.16316156759322975,imbalance,0.6,0.1744116109333499,0.1431120731120732,0.19812551076908036,0.26521829135556785,0.1744116109333499
Wine,GB,Boosting,0.0,0.0,0.0,0.6,113,42,0.9209486166007906,0.050168053283730085,0.8607936507936508,0.09718460561558653,0.883896366511309,0.07804353217608034,0.8555710666684385,0.09023580048925135,imbalance,0.6,0.009845034192860203,0.0680920314253648,0.04806179806491162,0.04305661575763442,0.009845034192860203
Wine,GB,Boosting,0.0,0.0,0.0,0.6,113,43,0.9110671936758893,0.05722359231890548,0.8668253968253967,0.07942600835827585,0.8812330376883584,0.07170426071143231,0.8361068795747801,0.10691690819197792,imbalance,0.6,0.019726457117761553,0.06206028539361885,0.05072512688786224,0.0625208028512928,0.019726457117761553
Wine,GB,Boosting,0.0,0.0,0.0,0.6,113,44,0.9209486166007904,0.04279009834853553,0.8719047619047618,0.0643544605962901,0.8977727604451744,0.05366707708248471,0.8542963214206939,0.07780639790209075,imbalance,0.6,0.009845034192860425,0.056980920314253725,0.034185404131046204,0.044331361005379044,0.009845034192860425
BreastCancer,LR,Linear,0.0,0.0,0.0,0.6,441,42,0.9863891726251277,0.011139372714261495,0.9691993464052289,0.031049621361854192,0.9770744494659956,0.019302766782938508,0.9558276780176944,0.03634040860544616,imbalance,0.6,-0.010966101673412054,0.001703698912326801,-0.003624204093885308,-0.00785787833372098,-0.010966101673412054
BreastCancer,LR,Linear,0.0,0.0,0.0,0.6,441,43,0.9795965270684371,0.008490720544538772,0.9508169934640524,0.01660246509265429,0.9655356557661248,0.014942251609596047,0.9325876333101377,0.029687546752911506,imbalance,0.6,-0.004173456116721486,0.020086051853503317,0.007914589605985567,0.015382166373835715,-0.004173456116721486
BreastCancer,LR,Linear,0.0,0.0,0.0,0.6,441,44,0.975076608784474,0.019515685834519774,0.9424232486421799,0.053587358114688025,0.9559454948003389,0.037545327185511186,0.9162594380122236,0.06811160180204638,imbalance,0.6,0.0003464621672416568,0.028479796675375812,0.017504750571771477,0.03171036167174979,0.0003464621672416568
BreastCancer,RF,Ensemble,0.0,0.0,0.0,0.6,441,42,0.9751021450459654,0.014937730776228418,0.9532288502255362,0.026369671737498913,0.9593390126167674,0.024240316528538718,0.919360050058717,0.04846790263495226,imbalance,0.6,-0.013750388072410469,0.004257995915912027,-0.000820561803718145,-0.0006616859387953422,-0.013750388072410469
BreastCancer,RF,Ensemble,0.0,0.0,0.0,0.6,441,43,0.9591930541368743,0.009042000398909384,0.9295803415262818,0.023112300281120865,0.9332937460468784,0.014457332652891453,0.8680720732261576,0.02814319786067971,imbalance,0.6,0.002158702836680626,0.027906504615166416,0.02522470476617078,0.050626290893764025,0.002158702836680626
BreastCancer,RF,Ensemble,0.0,0.0,0.0,0.6,441,44,0.9479570990806945,0.027043684598694804,0.8987566740311148,0.051847963491152296,0.9120548336234737,0.04370882508562983,0.8307449617515742,0.08611049310103921,imbalance,0.6,0.013394657892860429,0.05873017211033338,0.04646361718957548,0.08795340236834748,0.013394657892860429
BreastCancer,XGB,Boosting,0.0,0.0,0.0,0.6,441,42,0.9773748723186927,0.020214398786576444,0.9546373009297616,0.038823297482207086,0.9625408496732026,0.03336235600553402,0.9261576316990746,0.06611332104102458,imbalance,0.6,-0.010175162128763682,0.0077621171116478704,0.0021049498894184504,0.004463076290563195,-0.010175162128763682
BreastCancer,XGB,Boosting,0.0,0.0,0.0,0.6,441,43,0.9683605720122574,0.02497119968810763,0.9397076083954709,0.04048383444415222,0.9479772501925663,0.041161690762299606,0.897024178265427,0.08252164675821945,imbalance,0.6,-0.0011608618223284406,0.022691809645938643,0.016668549370054797,0.03359652972421079,-0.0011608618223284406
BreastCancer,XGB,Boosting,0.0,0.0,0.0,0.6,441,44,0.9728038815117468,0.005474536137226396,0.9462239942925527,0.02699137392534563,0.9545406619606943,0.01116314570168417,0.9116349372343692,0.021031422548680272,imbalance,0.6,-0.005604171321817786,0.016175423748856832,0.010105137601926772,0.01898577075526864,-0.005604171321817786
BreastCancer,SVM,Kernel,0.0,0.0,0.0,0.6,441,42,0.9886874361593463,0.007106517221093798,0.9705882352941175,0.018601633295108118,0.98119132579749,0.012049667886693576,0.963340256424192,0.02322516583783565,imbalance,0.6,-0.01327471556730564,0.0015072575596458693,-0.007619677018228299,-0.01563789721285247,-0.01327471556730564
BreastCancer,SVM,Kernel,0.0,0.0,0.0,0.6,441,43,0.9773748723186927,0.014213034442187559,0.9408088235294118,0.03691879473715646,0.9608429100086496,0.025654161229994563,0.9256811735206248,0.04698893085794489,imbalance,0.6,-0.0019621517266520394,0.031286669324351646,0.012728738770612091,0.02202118569071465,-0.0019621517266520394
BreastCancer,SVM,Kernel,0.0,0.0,0.0,0.6,441,44,0.9705311542390195,0.016987737650297152,0.9269003728251863,0.03777374903754076,0.9488596048265523,0.029895158479958005,0.9018589248053882,0.05741292321173893,imbalance,0.6,0.004881566353021172,0.04519512002857706,0.024712043952709428,0.04584343440595129,0.004881566353021172
BreastCancer,MLP,Neural,0.0,0.0,0.0,0.6,441,42,0.9455566905005106,0.020875421303921927,0.8842550400441868,0.024301522538145447,0.9069557367443908,0.03423893862732751,0.8189967654974769,0.07166037379702869,imbalance,0.6,0.0011441323530834158,0.053763553862058666,0.03522472169951696,0.06686312915773562,0.0011441323530834158
BreastCancer,MLP,Neural,0.0,0.0,0.0,0.6,441,43,0.9456332992849846,0.03068555593998783,0.8797811378072357,0.06585508747605115,0.9032533571298037,0.056423356128238344,0.8160007050593105,0.10589662541820365,imbalance,0.6,0.0010675235686093965,0.058237456099009766,0.03892710131410404,0.06985918959590198,0.0010675235686093965
BreastCancer,MLP,Neural,0.0,0.0,0.0,0.6,441,44,0.9138406537282941,0.02336301385244967,0.8240017720703305,0.05659249233107227,0.846814631560345,0.04820093348524296,0.7074844328429644,0.08990294552381561,imbalance,0.6,0.032860169125299876,0.11401682183591488,0.09536582688356277,0.17837546181224817,0.032860169125299876
BreastCancer,GB,Boosting,0.0,0.0,0.0,0.6,441,42,0.9410878447395301,0.02065670478436632,0.918390983153825,0.03226758508379742,0.907300075810714,0.03185918369805338,0.8154767925355889,0.06364442984509766,imbalance,0.6,0.014980053619937928,0.03262521307609545,0.04545429991005656,0.09113429858300148,0.014980053619937928
BreastCancer,GB,Boosting,0.0,0.0,0.0,0.6,441,43,0.950153217568948,0.011349884369153405,0.9284986882076774,0.0215914053729797,0.9206157884854408,0.01821626657064372,0.8423937709929422,0.03694904816248648,imbalance,0.6,0.005914680790520044,0.02251750802224295,0.03213858723532981,0.06421732012564818,0.005914680790520044
BreastCancer,GB,Boosting,0.0,0.0,0.0,0.6,441,44,0.9569713993871296,0.02064745314965031,0.9226341710393078,0.04735860658696922,0.9277501264811079,0.03745706695033776,0.8566423071301437,0.07373422297197697,imbalance,0.6,-0.0009035010276615685,0.028382025190612614,0.025004249239662713,0.04996878398844673,-0.0009035010276615685
Digits,LR,Linear,0.0,0.0,0.0,0.6,1259,42,0.8967400240308608,0.0191321204687263,0.8655867896142972,0.02621861826764085,0.8710036659054424,0.024062723210564723,0.7433667511294402,0.048070834060852045,imbalance,0.6,-0.00395605621903794,0.027218132348314716,0.02176674271380541,0.04248316858436696,-0.00395605621903794
Digits,LR,Linear,0.0,0.0,0.0,0.6,1259,43,0.9070669702143807,0.011680703035281775,0.8785652435175818,0.012975262177473848,0.8841486051936366,0.013402363726707413,0.7701543268920868,0.026585690102074584,imbalance,0.6,-0.014283002402557754,0.014239678445030157,0.008621803425611252,0.015695592821720283,-0.014283002402557754
Digits,LR,Linear,0.0,0.0,0.0,0.6,1259,44,0.8951653702649718,0.012112422928181751,0.865370766650239,0.013006234711828992,0.8697208881717688,0.012852753882401318,0.7416430607621955,0.02670123617882559,imbalance,0.6,-0.002381402453148884,0.02743415531237292,0.02304952044747899,0.04420685895161158,-0.002381402453148884
Digits,RF,Ensemble,0.0,0.0,0.0,0.6,1259,42,0.9618763043065833,0.006909321762608074,0.9405491142064172,0.014372769582797465,0.9518121340726997,0.009167623467962361,0.9060861179977996,0.016690385575265074,imbalance,0.6,0.01586639661160516,0.03719127101351982,0.02592922700439282,0.04946517432239528,0.01586639661160516
Digits,RF,Ensemble,0.0,0.0,0.0,0.6,1259,43,0.96106051982546,0.013927801383890053,0.9398535565757961,0.023185326623626976,0.9506424613668679,0.018454837578614342,0.9033996376971528,0.0354282653141483,imbalance,0.6,0.016682181092728454,0.037886828644140946,0.02709889971022461,0.052151654623042054,0.016682181092728454
Digits,RF,Ensemble,0.0,0.0,0.0,0.6,1259,44,0.9618826282172896,0.009230879042856082,0.9413793781720402,0.011546767780310713,0.952020339046233,0.011576228998209254,0.9056388250608098,0.023167523355265795,imbalance,0.6,0.015860072700898842,0.0363610070478968,0.025721022030859575,0.04991246725938503,0.015860072700898842
Digits,XGB,Boosting,0.0,0.0,0.0,0.6,1259,42,0.9658572060962498,0.01191228481358214,0.9517446113142946,0.016237212321997947,0.9574583127286452,0.014948347663882009,0.9154267198028411,0.029716611643206856,imbalance,0.6,0.0042753637995512905,0.01838351335347621,0.012672221691587104,0.024919553628067304,0.0042753637995512905
Digits,XGB,Boosting,0.0,0.0,0.0,0.6,1259,43,0.9610541959147536,0.018779546287758363,0.9398700490234223,0.028774367549020567,0.9505923133662556,0.024702558056597664,0.9033989631452268,0.047452553826669894,imbalance,0.6,0.009078373981047494,0.03025807564434846,0.019538221053976734,0.036947310285681545,0.009078373981047494
Digits,XGB,Boosting,0.0,0.0,0.0,0.6,1259,44,0.9682255106557897,0.005632332767735071,0.955843384431821,0.01115663948673511,0.9604714837584707,0.00745711200300753,0.9214542456055309,0.014418717511965782,imbalance,0.6,0.0019070592400114439,0.014284740235949722,0.009659050661761648,0.018892027825377466,0.0019070592400114439
Digits,SVM,Kernel,0.0,0.0,0.0,0.6,1259,42,0.9785619427053689,0.008160093411438906,0.969022449614816,0.008572814013929786,0.9734325630913279,0.010092252131725231,0.9471610743362546,0.02036471922766739,imbalance,0.6,0.0021514587183389944,0.011695370894047374,0.0072795881601041,0.014347987283365393,0.0021514587183389944
Digits,SVM,Kernel,0.0,0.0,0.0,0.6,1259,43,0.975358881932587,0.013900948303734714,0.963326891984195,0.022112622673067805,0.9690984831020385,0.01789734666357477,0.9389723761375107,0.034818967265847725,imbalance,0.6,0.005354519491120868,0.017390928524668392,0.011613668149393463,0.022536685482109298,0.005354519491120868
Digits,SVM,Kernel,0.0,0.0,0.0,0.6,1259,44,0.9737905520774046,0.0031605701133117113,0.9606212227323425,0.007946600794817243,0.9673155604202373,0.003899292294369812,0.9356828932206636,0.007858181026575364,imbalance,0.6,0.0069228493463032725,0.02009659777652084,0.01339659083119471,0.02582616839895646,0.0069228493463032725
Digits,MLP,Neural,0.0,0.0,0.0,0.6,1259,42,0.9658572060962498,0.015374809488877568,0.9526201376460112,0.022541550707614186,0.9574551565900569,0.01948625715306859,0.9156998215694706,0.03840261863496568,imbalance,0.6,-0.002211276043634469,0.011032529960327997,0.00618956172461349,0.011659537071573522,-0.002211276043634469
Digits,MLP,Neural,0.0,0.0,0.0,0.6,1259,43,0.9300638714981344,0.027272939231720406,0.9003892477022972,0.053243266776772956,0.909569859919938,0.040724572540359556,0.825690732836371,0.07115133193109105,imbalance,0.6,0.03358205855448093,0.06326341990404194,0.05407485839473236,0.10166862580467317,0.03358205855448093
Digits,MLP,Neural,0.0,0.0,0.0,0.6,1259,44,0.9650572313918928,0.011040053941176978,0.9529051997682843,0.013599850726088608,0.9567369096445641,0.013557443217194612,0.9137144064685099,0.027134188236732665,imbalance,0.6,-0.001411301339277471,0.010747467838054914,0.006907808670106208,0.013644952172534253,-0.001411301339277471
Digits,GB,Boosting,0.0,0.0,0.0,0.6,1259,42,0.965860368051603,0.01191184837041583,0.9534143473486715,0.013628346171099296,0.957690368759892,0.014757207238164566,0.9157112308763342,0.029671700895291423,imbalance,0.6,0.0013040805195307925,0.013745630154063493,0.009471268397162058,0.018718721800446425,0.0013040805195307925
Digits,GB,Boosting,0.0,0.0,0.0,0.6,1259,43,0.9642382849554163,0.012638747298253736,0.9454647282096508,0.01982076686906954,0.9549357256028023,0.01651380933656737,0.9116218265485502,0.032091714328038944,imbalance,0.6,0.002926163615717514,0.021695249293084196,0.01222591155425179,0.022808126128230466,0.002926163615717514
Digits,GB,Boosting,0.0,0.0,0.0,0.6,1259,44,0.9761715044583571,0.004347170019030117,0.9648074512143456,0.008366591989250117,0.9703400207220165,0.005538578838588646,0.941230823359567,0.0108819714012243,imbalance,0.6,-0.009007055887223281,0.002352526288389334,-0.0031783835649624725,-0.006800870682786342,-0.009007055887223281
Spambase,LR,Linear,0.0,0.0,0.0,0.8,3150,42,0.946031746031746,0.007239209048248498,0.8156621209512801,0.026697899941695438,0.8512823587212944,0.023104649182905296,0.7119856792828625,0.0439379228614865,imbalance,0.8,-0.020796966570228226,0.10261529532755109,0.0698587582303517,0.13102168131222247,-0.020796966570228226
Spambase,LR,Linear,0.0,0.0,0.0,0.8,3150,43,0.9495238095238095,0.0036748688580286663,0.839311546056259,0.01055886189716688,0.8660419672077795,0.007672964828288836,0.737219181362932,0.017071193364930588,imbalance,0.8,-0.024289030062291772,0.07896587022257218,0.05509914974386665,0.105788179232153,-0.024289030062291772
Spambase,LR,Linear,0.0,0.0,0.0,0.8,3150,44,0.9511111111111111,0.0030778919729627903,0.8413576292448296,0.01220938768050353,0.8696706795261775,0.0066099841455823614,0.7448728895795201,0.013562296738191936,imbalance,0.8,-0.025876331649593354,0.0769197870340016,0.05147043742546864,0.09813447101556483,-0.025876331649593354
Spambase,RF,Ensemble,0.0,0.0,0.0,0.8,3150,42,0.9647619047619047,0.0033895486514384995,0.8682715020487166,0.012130671637473304,0.9045439571625471,0.010273513653855952,0.8162398145358802,0.01957366738819873,imbalance,0.8,-0.019966392637402408,0.06914046286208131,0.037046012336751644,0.06802700093610725,-0.019966392637402408
Spambase,RF,Ensemble,0.0,0.0,0.0,0.8,3150,43,0.965079365079365,0.0066591037979057,0.8708878072557088,0.020387262994293713,0.9057560406859487,0.018707514859618225,0.8181327941034471,0.03646810978077394,imbalance,0.8,-0.02028385295486268,0.06652415765508912,0.03583392881335001,0.06613402136854041,-0.02028385295486268
Spambase,RF,Ensemble,0.0,0.0,0.0,0.8,3150,44,0.9647619047619047,0.003809523809523796,0.8695182659861207,0.017803132913373865,0.9047737436005301,0.011204734924576212,0.8170827388450203,0.021355728822980927,imbalance,0.8,-0.019966392637402408,0.06789369892467723,0.03681622589876865,0.06718407662696724,-0.019966392637402408
Spambase,XGB,Boosting,0.0,0.0,0.0,0.8,3150,42,0.9673015873015872,0.006704353041886603,0.8938013606073613,0.012133408393539998,0.9154413392978812,0.015878845168020732,0.833585624061115,0.032955777614991404,imbalance,0.8,-0.016927387864932086,0.05229761822298096,0.03237345977224959,0.06231385950342683,-0.016927387864932086
Spambase,XGB,Boosting,0.0,0.0,0.0,0.8,3150,43,0.972063492063492,0.004090190071976215,0.9133105395260877,0.010752162334496657,0.9287694510405476,0.010135835839071223,0.8586837110368799,0.020206975766421224,imbalance,0.8,-0.02168929262683683,0.03278843930425457,0.01904534802958313,0.03721577252766195,-0.02168929262683683
Spambase,XGB,Boosting,0.0,0.0,0.0,0.8,3150,44,0.9717460317460317,0.004751310967331972,0.9119597023875793,0.008440555742526218,0.9280226931838079,0.010769886899872893,0.8575463843977962,0.02237035121712269,imbalance,0.8,-0.02137183230937656,0.034139276442762934,0.019792105886322853,0.038353099166745674,-0.02137183230937656
Spambase,SVM,Kernel,0.0,0.0,0.0,0.8,3150,42,0.9539682539682539,0.003174603174603208,0.8357340677825811,0.0066030718831893605,0.8737734825382532,0.00729935581835108,0.7567297774259859,0.016178805122813052,imbalance,0.8,-0.021053731316441948,0.09055596220205142,0.055466921368985234,0.10236216787099817,-0.021053731316441948
Spambase,SVM,Kernel,0.0,0.0,0.0,0.8,3150,43,0.9536507936507936,0.003535088484336555,0.8367642119882912,0.019676444130567523,0.8730480575499598,0.01298009726251077,0.754872162814304,0.021771644598418984,imbalance,0.8,-0.020736270998981676,0.0895258179963413,0.056192346357278544,0.10421978248268005,-0.020736270998981676
Spambase,SVM,Kernel,0.0,0.0,0.0,0.8,3150,44,0.9536507936507936,0.00464404407565965,0.83323159608262,0.027820090064386835,0.8717170271407426,0.016496321114921327,0.7548671397613165,0.027835419998017367,imbalance,0.8,-0.020736270998981676,0.09305843390201252,0.05752337676649577,0.1042248055356676,-0.020736270998981676
Spambase,MLP,Neural,0.0,0.0,0.0,0.8,3150,42,0.9593650793650793,0.0032684540130117345,0.8700226692966824,0.01488242167632789,0.8934923159656402,0.01016010243939781,0.7901261405401259,0.019120024478852776,imbalance,0.8,-0.022321066083989094,0.0626981076803087,0.040385841976104286,0.07789228278494231,-0.022321066083989094
Spambase,MLP,Neural,0.0,0.0,0.0,0.8,3150,43,0.9574603174603175,0.0059729802292783655,0.871307747227954,0.03155390546543837,0.8893659292487565,0.019379665537868143,0.7817964347857359,0.035535222114927656,imbalance,0.8,-0.02041630417922724,0.06141302974903706,0.04451222869298799,0.08622198853933227,-0.02041630417922724
Spambase,MLP,Neural,0.0,0.0,0.0,0.8,3150,44,0.953015873015873,0.009449445121356972,0.8447000458992214,0.05564242913887695,0.8717457843895471,0.03655165721329316,0.75398723067825,0.06207073399692069,imbalance,0.8,-0.015971859734782767,0.08802073107776964,0.06213237355219736,0.11403119264681816,-0.015971859734782767
Spambase,GB,Boosting,0.0,0.0,0.0,0.8,3150,42,0.9619047619047618,0.004918074090422143,0.8823225014872952,0.010334193768348427,0.9017021100083156,0.011458843753964661,0.8054677279239746,0.023508035902501775,imbalance,0.8,-0.014212036606173206,0.06066264256253606,0.04325508111177356,0.0848139824122972,-0.014212036606173206
Spambase,GB,Boosting,0.0,0.0,0.0,0.8,3150,43,0.965079365079365,0.005406154401881378,0.8853642758170338,0.01487795726746302,0.9088498641714324,0.014080046997403272,0.8204373400249644,0.02788809845472072,imbalance,0.8,-0.01738663978077637,0.05762086823279744,0.036107326948656704,0.06984437031130741,-0.01738663978077637
Spambase,GB,Boosting,0.0,0.0,0.0,0.8,3150,44,0.964126984126984,0.005274046897090823,0.8920460106859593,0.017537942217043013,0.9081056521700204,0.013776737820649703,0.8178054283037843,0.027293670726152998,imbalance,0.8,-0.016434258828395443,0.0509391333638719,0.03685153895006876,0.07247628203248746,-0.016434258828395443
Bank,LR,Linear,0.0,0.0,0.0,0.8,4531,42,0.971087762339031,0.0037872316193095193,0.5025358215569452,0.009235464870935083,0.5003548446574492,0.015721195406603206,0.01547199214608217,0.048875084792996355,imbalance,0.8,-0.07495442900569782,0.1391035004900778,0.17633238561774556,0.37018867496252406,-0.07495442900569782
Bank,LR,Linear,0.0,0.0,0.0,0.8,4531,43,0.9724139693480435,0.004174084730525141,0.5370919296863459,0.03539863531451747,0.5556117401311111,0.05458726376327962,0.1534125693054855,0.13640815757932284,imbalance,0.8,-0.07628063601471025,0.10454739236067712,0.12107549014408359,0.23224809780312075,-0.07628063601471025
Bank,LR,Linear,0.0,0.0,0.0,0.8,4531,44,0.9726335029729526,0.001453414632186832,0.5160323009503176,0.016065187653793424,0.5225425167309852,0.026599844129628295,0.07950585209273434,0.07344405567394,imbalance,0.8,-0.07650016963961936,0.1256070210967054,0.15414471354420956,0.30615481501587194,-0.07650016963961936
Bank,RF,Ensemble,0.0,0.0,0.0,0.8,4531,42,0.9743987772317831,0.0004298186048662611,0.5,0.0,0.49351668014651917,0.00011029538052218512,0.0,0.0,imbalance,0.8,-0.07846544389844978,0.10346494242303983,0.1439237704550903,0.3428253084307557,-0.07846544389844978
Bank,RF,Ensemble,0.0,0.0,0.0,0.8,4531,43,0.9748400349501425,0.00043883608077042476,0.5085144927536233,0.010432014528179693,0.5099603705468292,0.020081183028708087,0.0814961803018341,0.09982193882882223,imbalance,0.8,-0.07890670161680913,0.09495044966941657,0.1274800800547803,0.2613291281289216,-0.07890670161680913
Bank,RF,Ensemble,0.0,0.0,0.0,0.8,4531,44,0.9743987772317831,0.0008197878351295816,0.5042345758038308,0.008755024517775442,0.5018485754100174,0.01683344719910905,0.04011990421703807,0.08294827187960868,imbalance,0.8,-0.07846544389844978,0.09923036661920903,0.1355918751915921,0.3027054042137176,-0.07846544389844978
Bank,XGB,Boosting,0.0,0.0,0.0,0.8,4531,42,0.9728542535248289,0.0016414269658024518,0.5159643918131535,0.00860179766102656,0.5234176545257634,0.015407098440756243,0.09036992935807196,0.054830072608845544,imbalance,0.8,-0.07712092019149563,0.14843339738644779,0.17185982128821142,0.3186713249533017,-0.07712092019149563
Bank,XGB,Boosting,0.0,0.0,0.0,0.8,4531,43,0.9743990206171766,0.0010702850470069515,0.529279711786236,0.016696233089792904,0.5454989473660571,0.029113862896156906,0.15022448670745497,0.08114695783026211,imbalance,0.8,-0.07866568728384338,0.13511807741336523,0.14977852844791772,0.2588167676039187,-0.07866568728384338
Bank,XGB,Boosting,0.0,0.0,0.0,0.8,4531,44,0.9737367689615475,0.0010740433887118917,0.5165985523659462,0.0085936026563026,0.5247481985305267,0.015926472991378865,0.10307730856406139,0.05722756873762913,imbalance,0.8,-0.07800343562821421,0.14779923683365503,0.17052927728344813,0.3059639457473123,-0.07800343562821421
Bank,SVM,Kernel,0.0,0.0,0.0,0.8,4531,42,0.9743987772317831,0.0004298186048662611,0.5,0.0,0.49351668014651917,0.00011029538052218512,0.0,0.0,imbalance,0.8,-0.08419877723178315,0.08835522516156713,0.12261072935373307,0.2960739797003826,-0.08419877723178315
Bank,SVM,Kernel,0.0,0.0,0.0,0.8,4531,43,0.9743987772317831,0.0004298186048662611,0.5,0.0,0.49351668014651917,0.00011029538052218512,0.0,0.0,imbalance,0.8,-0.08419877723178315,0.08835522516156713,0.12261072935373307,0.2960739797003826,-0.08419877723178315
Bank,SVM,Kernel,0.0,0.0,0.0,0.8,4531,44,0.9743987772317831,0.0004298186048662611,0.5,0.0,0.49351668014651917,0.00011029538052218512,0.0,0.0,imbalance,0.8,-0.08419877723178315,0.08835522516156713,0.12261072935373307,0.2960739797003826,-0.08419877723178315
Bank,MLP,Neural,0.0,0.0,0.0,0.8,4531,42,0.9737367689615475,0.0010740433887118917,0.4996602491506229,0.00045300113250283934,0.49334667524569564,0.0002757655691018989,-0.0026137001713923288,0.003270177014422238,imbalance,0.8,-0.08273676896154747,0.11954745057802807,0.1533400097365606,0.3367887360156572,-0.08273676896154747
Bank,MLP,Neural,0.0,0.0,0.0,0.8,4531,43,0.9741780266799068,0.0005336520996614954,0.49988674971687425,0.00022650056625141967,0.49346003269996846,0.0001369410533568,-0.0010729741825486927,0.002145948365097385,imbalance,0.8,-0.08317802667990681,0.11932095001177673,0.15322665228228777,0.33524801002681354,-0.08317802667990681
Bank,MLP,Neural,0.0,0.0,0.0,0.8,4531,44,0.9741780266799068,0.0005336520996614954,0.49988674971687425,0.00022650056625141967,0.49346003269996846,0.0001369410533568,-0.0010729741825486927,0.0021459483650973854,imbalance,0.8,-0.08317802667990681,0.11932095001177673,0.15322665228228777,0.33524801002681354,-0.08317802667990681
Bank,GB,Boosting,0.0,0.0,0.0,0.8,4531,42,0.9693222446948069,0.003076614089978536,0.5351441068820063,0.016910734013165944,0.5500218437974864,0.02475569194750523,0.12139769473287698,0.05792965858992731,imbalance,0.8,-0.0749222446948069,0.13072303214481562,0.144957615282438,0.2845982849056858,-0.0749222446948069
Bank,GB,Boosting,0.0,0.0,0.0,0.8,4531,43,0.966895692321921,0.0026901348454867334,0.5296637779637928,0.016037879239788413,0.5381238938738362,0.018522853722750306,0.08701609457882514,0.03383146108984985,imbalance,0.8,-0.07249569232192099,0.1362033610630291,0.15685556520608823,0.3189798850597376,-0.07249569232192099
Bank,GB,Boosting,0.0,0.0,0.0,0.8,4531,44,0.9693232182363808,0.004485697695153769,0.5224403794705139,0.016639732908464638,0.5325631154069804,0.024117258099395883,0.09476550394639718,0.06237514214124972,imbalance,0.8,-0.07492321823638082,0.14342675955630801,0.162416343672944,0.31123047569216555,-0.07492321823638082
Wine,LR,Linear,0.0,0.0,0.0,0.8,91,42,0.9678362573099415,0.04241278213910817,0.9063492063492063,0.1756390627761658,0.9000308641975309,0.16332452641822143,0.9086247555826776,0.12909488693696503,imbalance,0.8,0.017296017822333476,0.07943562610229282,0.08484162278206964,0.06949347872470146,0.017296017822333476
Wine,LR,Linear,0.0,0.0,0.0,0.8,91,43,0.9783625730994153,0.02651645391521554,0.9444444444444444,0.07027283689263066,0.9599950562353232,0.05103695553886764,0.9387452580710118,0.075022196580436,imbalance,0.8,0.006769702032859648,0.04134038800705475,0.024877430744277285,0.03937297623636726,0.006769702032859648
Wine,LR,Linear,0.0,0.0,0.0,0.8,91,44,0.9888888888888889,0.022222222222222233,0.9955555555555555,0.008888888888888858,0.9754789272030651,0.04904214559386975,0.9694798048598097,0.06104039028038075,imbalance,0.8,-0.003756613756613958,-0.009770723104056356,0.009393559776535443,0.008638429447569429,-0.003756613756613958
Wine,RF,Ensemble,0.0,0.0,0.0,0.8,91,42,0.967251461988304,0.02676037704946797,0.9111111111111111,0.07535922203472518,0.9354739834383883,0.05520846491748179,0.9082250629308213,0.07493494426144146,imbalance,0.8,0.015923141186299228,0.07433862433862437,0.048256763181247275,0.06685257300997505,0.015923141186299228
Wine,RF,Ensemble,0.0,0.0,0.0,0.8,91,43,0.9678362573099415,0.04241278213910817,0.8777777777777779,0.17356110390903678,0.8913122605363984,0.16313653556068933,0.9034419077272571,0.1309158724604201,imbalance,0.8,0.015338345864661762,0.10767195767195759,0.0924184860832371,0.07163572821353925,0.015338345864661762
Wine,RF,Ensemble,0.0,0.0,0.0,0.8,91,44,0.9555555555555555,0.022222222222222233,0.8955555555555555,0.07652966825654473,0.9019157088122605,0.04904214559386975,0.8779192194392385,0.06104039028038074,imbalance,0.8,0.027619047619047765,0.08989417989417992,0.08181503780737509,0.09715841650155788,0.027619047619047765
Wine,XGB,Boosting,0.0,0.0,0.0,0.8,91,42,0.9678362573099415,0.04241278213910817,0.9222222222222222,0.09686442096757054,0.9379789272030651,0.07868323572833162,0.9057734720597969,0.12677246224413466,imbalance,0.8,-0.010852130325814557,0.03672759339426024,0.01916216440016183,0.030271680752033348,-0.010852130325814557
Wine,XGB,Boosting,0.0,0.0,0.0,0.8,91,43,0.923391812865497,0.043621184091161454,0.773015873015873,0.15171813517902888,0.7931403940886699,0.14317404430392058,0.7802072071601956,0.1272747844680941,imbalance,0.8,0.03359231411862995,0.18593394260060936,0.16400069751455704,0.15583794565163456,0.03359231411862995
Wine,XGB,Boosting,0.0,0.0,0.0,0.8,91,44,0.9116959064327486,0.027948077532979,0.7574603174603175,0.08395249949722582,0.7723809523809525,0.0700832748015067,0.7468759544780355,0.10366368359060835,imbalance,0.8,0.04528822055137838,0.2014894981561649,0.1847601392222744,0.18916919833379475,0.04528822055137838
Wine,SVM,Kernel,0.0,0.0,0.0,0.8,91,42,0.9789473684210528,0.042105263157894736,0.9111111111111111,0.1777777777777778,0.9158333333333333,0.1683333333333333,0.9339621028674474,0.13207579426510538,imbalance,0.8,0.004227234753550357,0.07087221420554757,0.06699874638743208,0.041067028663401506,0.004227234753550357
Wine,SVM,Kernel,0.0,0.0,0.0,0.8,91,43,0.967251461988304,0.02676037704946797,0.9111111111111111,0.0753592220347252,0.9354739834383883,0.05520846491748179,0.9082250629308213,0.07493494426144146,imbalance,0.8,0.015923141186299117,0.07087221420554757,0.04735809628237708,0.06680406860002763,0.015923141186299117
Wine,SVM,Kernel,0.0,0.0,0.0,0.8,91,44,0.9666666666666666,0.027216552697590882,0.928888888888889,0.07844161153210129,0.9264367816091953,0.06006411629813158,0.9084394145794288,0.07475890494363732,imbalance,0.8,0.016507936507936583,0.053094436427769676,0.05639529811157007,0.06658971695142013,0.016507936507936583
Wine,MLP,Neural,0.0,0.0,0.0,0.8,91,42,0.8257309941520468,0.08996349513683148,0.5993650793650793,0.1540340229355785,0.6096622349347599,0.168956867806722,0.49728420656902017,0.2608796857490951,imbalance,0.8,0.09373990531885268,0.32438191438191455,0.3113484200088199,0.3857080976543248,0.09373990531885268
Wine,MLP,Neural,0.0,0.0,0.0,0.8,91,43,0.6017543859649122,0.23849613759303798,0.5317460317460317,0.12025839317381468,0.4431091131091131,0.16243914071888613,0.2781844709838308,0.18022722988500905,imbalance,0.8,0.3177165135059873,0.3920009620009621,0.4779015418344667,0.6048078332395141,0.3177165135059873
Wine,MLP,Neural,0.0,0.0,0.0,0.8,91,44,0.45847953216374265,0.19465340748147805,0.5457142857142857,0.19027608536579554,0.3932301455350457,0.1626112874239857,0.14482090769183306,0.23481861606535975,imbalance,0.8,0.4609913673071568,0.37803270803270816,0.5277805094085342,0.7381713965315119,0.4609913673071568
Wine,GB,Boosting,0.0,0.0,0.0,0.8,91,42,0.9128654970760234,0.041409125069240896,0.8130158730158732,0.030173764005598628,0.8241121528329536,0.07372003200798846,0.7547436252767401,0.12699649261704715,imbalance,0.8,0.01792815371762746,0.11586980920314238,0.10784601174326702,0.14388405714933283,0.01792815371762746
Wine,GB,Boosting,0.0,0.0,0.0,0.8,91,43,0.9345029239766083,0.06402373794580672,0.8063492063492064,0.22829568905857855,0.8046903624054161,0.2096948519047673,0.80255839924545,0.20562611495224226,imbalance,0.8,-0.00370927318295744,0.1225364758698092,0.12726780217080447,0.09606928318062291,-0.00370927318295744
Wine,GB,Boosting,0.0,0.0,0.0,0.8,91,44,0.9339181286549707,0.04174635859081814,0.7955555555555556,0.1296909907681322,0.8309578544061302,0.12112865484839375,0.8025912098589713,0.13931676670291043,imbalance,0.8,-0.003124477861319863,0.13333012666346,0.10100031017009037,0.09603647256710168,-0.003124477861319863
BreastCancer,LR,Linear,0.0,0.0,0.0,0.8,399,42,0.9949683544303797,0.006162685235561677,0.975,0.030618621784789725,0.9852777107949523,0.01803105464874624,0.9715762012656659,0.03481191325753228,imbalance,0.8,-0.01954528347866402,-0.004096954682444309,-0.011827465422841965,-0.02360640158169247,-0.01954528347866402
BreastCancer,LR,Linear,0.0,0.0,0.0,0.8,399,43,0.985,0.014577379737113249,0.9291666666666666,0.06666666666666668,0.9549191353442652,0.04357722679092138,0.9166004490334185,0.0794998769284389,imbalance,0.8,-0.009576929048284333,0.04173637865088908,0.018531110027845132,0.031369350650554906,-0.009576929048284333
BreastCancer,LR,Linear,0.0,0.0,0.0,0.8,399,44,0.9824999999999999,0.012747548783981965,0.9180555555555555,0.05800170282728086,0.9483374817037881,0.038455611806414824,0.9038482217706709,0.06959631870441202,imbalance,0.8,-0.007076929048284275,0.052847489762000155,0.02511276366832227,0.04412157791330251,-0.007076929048284275
BreastCancer,RF,Ensemble,0.0,0.0,0.0,0.8,399,42,0.9849367088607595,0.009422411891762949,0.9485719874804381,0.045332387268476305,0.958477135418087,0.027146613337128808,0.919969615973583,0.05167578158440197,imbalance,0.8,-0.023584951887204553,0.00891485866101005,4.131539496221581e-05,-0.0012712518536612816,-0.023584951887204553
BreastCancer,RF,Ensemble,0.0,0.0,0.0,0.8,399,43,0.9699367088607594,0.006073146769247398,0.8874413145539906,0.04350977823225644,0.9135122104453405,0.020897402311831226,0.8363737792552428,0.034780516996228826,imbalance,0.8,-0.00858495188720454,0.07004553158745763,0.04500624036770873,0.08232458486467886,-0.00858495188720454
BreastCancer,RF,Ensemble,0.0,0.0,0.0,0.8,399,44,0.9649683544303798,0.019964467314090704,0.8679968701095462,0.08333660734750069,0.8963749789849533,0.059385513928481515,0.8038124152925151,0.11252190111498347,imbalance,0.8,-0.003616597456824855,0.08948997603190201,0.062143471828095875,0.11488594882740655,-0.003616597456824855
BreastCancer,XGB,Boosting,0.0,0.0,0.0,0.8,399,42,0.9849367088607595,0.01462128058201591,0.9388693270735524,0.05441814350327841,0.957224114064885,0.04023163270136282,0.9174878389170393,0.07818438533373447,imbalance,0.8,-0.01773699867083045,0.023530090967857076,0.007421685497736141,0.013132869072598474,-0.01773699867083045
BreastCancer,XGB,Boosting,0.0,0.0,0.0,0.8,399,43,0.9724050632911393,0.005189873417721503,0.8999413145539906,0.025770715032897996,0.9225056762989514,0.012206619170604872,0.8514246929938395,0.025058576135090615,imbalance,0.8,-0.005205353101210286,0.06245810348741887,0.04214012326366967,0.07919601499579831,-0.005205353101210286
BreastCancer,XGB,Boosting,0.0,0.0,0.0,0.8,399,44,0.9624683544303798,0.015761399915213564,0.8347026604068857,0.08795943673851878,0.8792410838707626,0.05604680564823517,0.7858955712365729,0.09279482812039558,imbalance,0.8,0.004731355759549194,0.12769675763452382,0.08540471569185848,0.14472513675306486,0.004731355759549194
BreastCancer,SVM,Kernel,0.0,0.0,0.0,0.8,399,42,0.9824367088607595,0.00620204725569174,0.9152777777777779,0.03298428357510532,0.9481501904059492,0.021663510167774232,0.901956976627383,0.03911512360565337,imbalance,0.8,-0.0070239882687188615,0.05681771507598554,0.025421458373312555,0.04574538258395655,-0.0070239882687188615
BreastCancer,SVM,Kernel,0.0,0.0,0.0,0.8,399,43,0.9774999999999998,0.014577379737113249,0.8930555555555555,0.06994265728896763,0.9305760641394147,0.04703290140354782,0.8729704944333679,0.08429135007783306,imbalance,0.8,-0.002087279407959164,0.07903993729820791,0.042995584639846984,0.07473186477797156,-0.002087279407959164
BreastCancer,SVM,Kernel,0.0,0.0,0.0,0.8,399,44,0.97,0.016955824957813174,0.8597222222222222,0.07687973612832248,0.9058465631810663,0.05340653713109809,0.8307642227812775,0.09428608171771262,imbalance,0.8,0.005412720592040676,0.11237327063154123,0.06772508559819546,0.11693813643006201,0.005412720592040676
BreastCancer,MLP,Neural,0.0,0.0,0.0,0.8,399,42,0.9499050632911393,0.020860552106625522,0.8026995305164318,0.06222891105891018,0.8458695614577968,0.05699833105241228,0.7136271598419851,0.10968883748771315,imbalance,0.8,-0.0032042404375453026,0.1353190633898136,0.09631089698611095,0.17223273481322743,-0.0032042404375453026
BreastCancer,MLP,Neural,0.0,0.0,0.0,0.8,399,43,0.9324050632911393,0.02796139927441244,0.7721439749608763,0.04129084515872366,0.8057338393443871,0.06269009942146231,0.6283605789785425,0.1349795125370799,imbalance,0.8,0.014295759562454768,0.16587461894536915,0.1364466190995206,0.25749931567667006,0.014295759562454768
BreastCancer,MLP,Neural,0.0,0.0,0.0,0.8,399,44,0.9349683544303797,0.03386268183351964,0.7651604068857589,0.10684123800410154,0.797609442882125,0.10774607029404622,0.6149878107755018,0.20465321848180165,imbalance,0.8,0.011732468423214293,0.1728581870204865,0.14457101556178276,0.27087208387971073,0.011732468423214293
BreastCancer,GB,Boosting,0.0,0.0,0.0,0.8,399,42,0.9724050632911393,0.012326182948990037,0.9193466353677622,0.05610704447397952,0.9257803468019867,0.03393108203592412,0.8604486389862614,0.060695994172317115,imbalance,0.8,-0.016337164931671255,0.03166956086215822,0.026974028918783866,0.046162452132328946,-0.016337164931671255
BreastCancer,GB,Boosting,0.0,0.0,0.0,0.8,399,43,0.9599050632911392,0.009330668163130319,0.870735524256651,0.05197963421554526,0.8870503558536914,0.028823125643800716,0.7842620967327848,0.05591345487545708,imbalance,0.8,-0.0038371649316711887,0.08028067197326938,0.06570401986707919,0.1223489943858056,-0.0038371649316711887
BreastCancer,GB,Boosting,0.0,0.0,0.0,0.8,399,44,0.9499367088607595,0.017588390094354842,0.8581964006259781,0.06754614106594642,0.8636132436958549,0.04461002067854098,0.7312477814636543,0.09086097500255304,imbalance,0.8,0.0061311894987085,0.09281979560394227,0.08914113202491569,0.17536330965493607,0.0061311894987085
Digits,LR,Linear,0.0,0.0,0.0,0.8,1080,42,0.9287037037037036,0.009532990871284237,0.8586661404893448,0.016249333173087716,0.8679923700195615,0.013701657269030432,0.73873363729039,0.02901061858599504,imbalance,0.8,-0.03591973589188069,0.03413878147326721,0.024778038599686303,0.047116282423417144,-0.03591973589188069
Digits,LR,Linear,0.0,0.0,0.0,0.8,1080,43,0.9259259259259259,0.015214515486254614,0.845729632552837,0.03579206117774465,0.8597570762784834,0.030530788169883024,0.721890258981255,0.0599176951618147,imbalance,0.8,-0.03314195811410303,0.04707528940977501,0.03301333234076442,0.0639596607325521,-0.03314195811410303
Digits,LR,Linear,0.0,0.0,0.0,0.8,1080,44,0.9287037037037036,0.016197088596792506,0.8498443392089801,0.030735333573457948,0.8654494444546306,0.029945842614047195,0.7343949704567372,0.06142459505172365,imbalance,0.8,-0.03591973589188069,0.042960582753631904,0.027320964164617267,0.05145494925706995,-0.03591973589188069
Digits,RF,Ensemble,0.0,0.0,0.0,0.8,1080,42,0.9592592592592594,0.015876322406927997,0.8813492063492063,0.051321660382230565,0.9167971547232522,0.03666815470920075,0.8465902761339658,0.062241908242173676,imbalance,0.8,0.018483441658929123,0.09639117887073068,0.06094420635384035,0.10896101618622911,0.018483441658929123
Digits,RF,Ensemble,0.0,0.0,0.0,0.8,1080,43,0.9490740740740741,0.0065472850109865805,0.8600061387354205,0.018487321766279454,0.8977032232323152,0.01347939590358234,0.8071588713008303,0.02542916471108173,imbalance,0.8,0.02866862684411442,0.11773424648451647,0.08003813784477731,0.14839242101936456,0.02866862684411442
Digits,RF,Ensemble,0.0,0.0,0.0,0.8,1080,44,0.9592592592592591,0.012559870339120876,0.8816666666666666,0.03811127308031667,0.9179098431347423,0.028115223703721964,0.8473018533936905,0.04825723296376921,imbalance,0.8,0.018483441658929345,0.0960737185532704,0.0598315179423502,0.1082494389265044,0.018483441658929345
Digits,XGB,Boosting,0.0,0.0,0.0,0.8,1080,42,0.9740740740740741,0.009972527420619461,0.9330189423835833,0.03260455109463307,0.9504937744178994,0.02066293748716948,0.9041130879137438,0.03735647653002782,imbalance,0.8,-0.003941504178272992,0.03710918228418747,0.019636760002332942,0.03623318551716459,-0.003941504178272992
Digits,XGB,Boosting,0.0,0.0,0.0,0.8,1080,43,0.9592592592592591,0.0061418977599173915,0.8927076208015435,0.00950768122259885,0.9208989965161637,0.012086809618912366,0.8471155114245612,0.025269371316294302,imbalance,0.8,0.010873310636541955,0.07742050386622723,0.049231537904068645,0.09323076200634717,0.010873310636541955
Digits,XGB,Boosting,0.0,0.0,0.0,0.8,1080,44,0.9648148148148149,0.012962962962962978,0.9161904761904761,0.022380952380952373,0.9339064130475085,0.022914780692575194,0.8706929292161772,0.04667735237665014,imbalance,0.8,0.005317755080986197,0.05393764847729465,0.036224121372723794,0.06965334421473113,0.005317755080986197
Digits,SVM,Kernel,0.0,0.0,0.0,0.8,1080,42,0.9731481481481481,0.009442628728875569,0.9278571428571428,0.02734630888667375,0.9486445049104588,0.018611813983547144,0.900940463755315,0.035180585181859306,imbalance,0.8,0.007565253275559791,0.05286067765172053,0.032067646340973144,0.06056859786430502,0.007565253275559791
Digits,SVM,Kernel,0.0,0.0,0.0,0.8,1080,43,0.9740740740740741,0.01079805906452835,0.9352442339735157,0.03267182287178528,0.9507745177512306,0.021941448438825947,0.904453177254888,0.040391247029172725,imbalance,0.8,0.0066393273496337946,0.04547358653534761,0.0299376335002014,0.05705588436473197,0.0066393273496337946
Digits,SVM,Kernel,0.0,0.0,0.0,0.8,1080,44,0.9787037037037039,0.0047213143644377845,0.9446031746031747,0.018865865653959965,0.9599468070273364,0.009620607231210701,0.9220117385117215,0.017751263078831667,imbalance,0.8,0.0020096977200040333,0.03611464590568869,0.020765344224095594,0.03949732310789855,0.0020096977200040333
Digits,MLP,Neural,0.0,0.0,0.0,0.8,1080,42,0.961111111111111,0.018425693279752214,0.9115965096904324,0.03147343707137544,0.9271125386597024,0.0339478656216752,0.8560402667300424,0.06823156162926688,imbalance,0.8,0.002534818941504313,0.05205615791590679,0.03653217965496791,0.07131909191100172,0.002534818941504313
Digits,MLP,Neural,0.0,0.0,0.0,0.8,1080,43,0.9462962962962962,0.0244276036264313,0.8717521704814523,0.0613742075347683,0.8944009266140162,0.05103558350657289,0.7972912695342967,0.09417530701094533,imbalance,0.8,0.01734963375631915,0.0919004971248869,0.0692437917006542,0.1300680891067474,0.01734963375631915
Digits,MLP,Neural,0.0,0.0,0.0,0.8,1080,44,0.9601851851851851,0.01118800553110609,0.9090506884153294,0.024976724668417927,0.9250890801621459,0.021299912000688488,0.8526045112632572,0.042217752738420225,imbalance,0.8,0.003460744867430199,0.05460197919100973,0.038555638152524496,0.07475484737778693,0.003460744867430199
Digits,GB,Boosting,0.0,0.0,0.0,0.8,1080,42,0.9657407407407407,0.0062799351695604355,0.9054761904761903,0.029027879492926848,0.9330353630476971,0.01448066470401939,0.8727946150544481,0.024294014443105715,imbalance,0.8,0.0014237078303931394,0.061683787026544645,0.03412627410935698,0.06163533762233253,0.0014237078303931394
Digits,GB,Boosting,0.0,0.0,0.0,0.8,1080,43,0.9564814814814815,0.01039349274103872,0.8888187319126546,0.028841387718031596,0.9152119686917779,0.022210942298462377,0.8360672581606797,0.0418764122522453,imbalance,0.8,0.010682967089652329,0.07834124559008038,0.051949668465276155,0.09836269451610091,0.010682967089652329
Digits,GB,Boosting,0.0,0.0,0.0,0.8,1080,44,0.9712962962962962,0.008977184921141359,0.9268253968253969,0.019934068701249707,0.9458306092124706,0.01637885267182805,0.8951054513006502,0.031744192215837234,imbalance,0.8,-0.004131847725162396,0.04033458067733808,0.021331027944583414,0.039324501376130416,-0.004131847725162396
